gene_symbol,mean_log2FC
0610009b22rik,0.05198454689478901
0610009e02rik,-0.4459230961511414
0610010f05rik,-0.31047820149031735
0610010k14rik,0.2857742089164869
0610012g03rik,0.40602980269613553
0610042g04rik,0.7591736369955379
1110004f10rik,-0.2151138343027455
1110008p14rik,0.36838835210832255
1110018n20rik,0.2594129640219367
1110025m09rik,0.16834669433497904
1110038b12rik,1.044195406728905
1110038f14rik,0.3990360058455617
1110059e24rik,-0.2368201511332567
1110059g10rik,0.01673262308854806
1110065p20rik,0.536598241463478
1190007i07rik,0.48332819142575456
1500002f19rik,0.8719796947916278
1500009c09rik,0.36322819992929245
1500009l16rik,-0.2480267100321391
1500011b03rik,0.2526701666889097
1500026h17rik,0.5954133472848542
1600012h06rik,-0.4363770044859341
1600020e01rik,0.2504297098288366
1700001l19rik,0.3067400852181085
1700003e16rik,0.2965630119109812
1700008j07rik,0.4849111033086496
1700008o03rik,0.6131178227399369
1700012d14rik,-0.5257421113287061
1700017b05rik,-0.301696353338472
1700020a23rik,1.6984516545298451
1700024g13rik,2.000880364949134
1700028k03rik,-0.4209234792332064
1700029j07rik,-0.3047427220829574
1700037c18rik,0.6928985529346888
1700047m11rik,-0.2937856361551798
1700049j03rik,2.3790196680736804
1700066m21rik,-0.4370030955341434
1700071m16rik,-0.4960724594428011
1700086o06rik,0.469468797972459
1700094d03rik,-0.4857276960185546
1700102p08rik,-0.720351734826683
1700112j16rik,0.4713160866225047
1700123o20rik,0.847044401666667
1810009a15rik,0.672383757763654
1810013l24rik,-0.12175590668049752
1810014b01rik,0.4655901899047312
1810026b05rik,-0.6787104310272803
1810030o07rik,-0.2026902551948518
1810037i17rik,0.4001171961223376
1810044d09rik,1.2462454412068884
1810058i24rik,0.4818741941606293
2010001a14rik,0.4550003060962092
2010315b03rik,-0.2440190942696373
2010320m18rik,0.3281884510621289
2210016f16rik,0.2414515122712075
2210016l21rik,0.28116164769122703
2210408f21rik,0.2678358497296338
2210408i21rik,-0.3321140633977646
2210416o15rik,1.0225369383121206
2210418o10rik,-1.6087555984481503
2300009a05rik,-0.07135752931899708
2310009b15rik,0.9308086201191303
2310011j03rik,0.26999338623715013
2310015a10rik,0.3030636652376838
2310022b05rik,-0.21826412158857034
2310033p09rik,0.2266386835018503
2310039h08rik,0.8383272054034354
2310040g24rik,1.1449456365532973
2310057m21rik,0.2583385453270431
2310075k07rik,0.8643122303700559
2410002f23rik,0.27559585792508856
2410006h16rik,0.13383510140338709
2510002d24rik,-0.2261215913369809
2510009e07rik,-0.2354199101675299
2510017j16rik,-0.61811648389012
2510022d24rik,0.5008984435501065
2600006k01rik,0.6768055496212356
2610001j05rik,0.09448368366534558
2610002m06rik,-0.2674462931566282
2610005l07rik,0.3632636216737223
2610008e11rik,-0.11812043046744108
2610035d17rik,0.3167274244560491
2610037d02rik,-0.5356593707029444
2610044o15rik8,-0.00933984913620825
2610301b20rik,-0.11358698527193847
2610306m01rik,0.4355852090475194
2610507b11rik,-0.2449725982785391
2700046g09rik,0.4594192393321765
2700049a03rik,-0.3409560872083905
2700081o15rik,0.3260091909
2810001g20rik,0.46095060078120453
2810004n23rik,0.4001499237389555
2810025m15rik,0.3106204403279899
2810029c07rik,0.3208884360421426
2810032g03rik,-0.2916494827588208
2810049e08rik,0.8414226501294318
2810410l24rik,0.7222222119387033
2810459m11rik,-0.3159921299042471
2900005j15rik,0.4712585701326902
2900009j06rik,0.8343639901412203
2900026a02rik,-0.2392921773894726
2900052l18rik,0.4751606658887382
2900060b14rik,1.5396025929258783
2900060l22rik,0.3244011585712217
2900064f13rik,-1.199546568815919
2900089d17rik,0.5219649501078587
2900092d14rik,0.425443176824003
2900093k20rik,0.7534103001408312
3000002c10rik,0.3938732231319858
3010026o09rik,0.25740722265
3110009e18rik,0.5638340623051875
3110039m20rik,0.4362169993088844
3110040n11rik,0.5954921500178428
3110070m22rik,0.8657080836361734
3110082i17rik,0.41316186260821663
3300002a11rik,2.64516175614298
3830406c13rik,-0.026639310034258595
3830408c21rik,0.3451980647207576
4632415l05rik,-0.2292474396287734
4732440d04rik,-0.4958227911355518
4732491k20rik,-0.6570609158618992
4831440e17rik,-0.4395664092973799
4833412k13rik,-0.5612565104557925
4833413g10rik,-0.2976552861716776
4833420g17rik,0.49659502125
4833438c02rik,0.6718092667548375
4833439f03rik,0.5069688265106645
4833439l19rik,0.07065661511234264
4921524j17rik,-0.3658980417172597
4930404h24rik,1.3407009433721535
4930404n11rik,-0.9395403754796088
4930405h06rik,3.895882294751636
4930413g21rik,0.6258999263641885
4930445k14rik,0.4074568348284324
4930447c04rik,-0.13477460883161785
4930451g09rik,0.3291082604432097
4930453n24rik,-0.2527331611504595
4930473a02rik,-1.9788348448129844
4930503l19rik,-0.07246136294022759
4930506c21rik,-0.4047433834006594
4930522l14rik,-0.006942721760932691
4930526i15rik,0.4002776178087439
4930570g19rik,-0.3629079149318963
4930579g18rik,-0.3026042735814199
4930579g24rik,0.6134475409183928
4930579k19rik,1.0302300450932602
4930598n05rik,-1.0036392510720709
4931406c07rik,0.2372882308499631
4931408d14rik,1.373501192667053
4931422a03rik,1.5559320946594142
4931428f04rik,-0.2690595163584233
4931440f15rik,-0.27123862515
4932438a13rik,0.2480480672458898
4933404o12rik,-0.2315428441466844
4933407k13rik,-0.2813983345310841
4933407l21rik,0.8239696009612385
4933412e12rik,-0.3609354532690454
4933426b08rik,1.2979194691362794
4933427d14rik,0.10724194776552216
4933427i04rik,1.1882468466544645
4933428g20rik,0.3865945495321712
4933432i09rik,-0.5825645246850524
4933434e20rik,-0.4000343851563647
4933439c10rik,0.12904342506490796
4933440n22rik,0.8660302358897685
5031425e22rik,0.47899837031678366
5330434g04rik,-0.3761387566351516
5430403g16rik,-0.6895408311943719
5430416n02rik,0.9025227421301382
5730405o15rik,0.7565403899162471
5730408k05rik,1.0740204794608457
5730409e04rik,0.3088273509408806
5730455p16rik,-0.225954843268009
5830448l01rik,0.3947578311666567
5830454e08rik,1.114706262547193
5930409g06rik,-0.6601161661688492
5930430l01rik,0.521969982820209
6030458c11rik,1.1126905113518042
6230400d17rik,-0.4617413566502102
6330415b21rik,2.912299528193897
6330415g19rik,0.6442493823229053
6330418k02rik,0.3161525797085147
6330549d23rik,-7.6159855882514815
6430548m08rik,0.06501440375992623
6430571l13rik,0.4813414632666425
6530402f18rik,-0.15336591891207807
6720427i07rik,-0.7507898829661489
6720489n17rik,-0.5155268303114183
8030453o22rik,0.5169894243452609
8030462n17rik,-0.329119377862974
8430422m14rik,0.3760711398475093
8430429k09rik,0.3359731237375722
9030607l20rik,1.753398999615933
9130002k18rik,-1.5693887119567014
9130019o22rik,0.3471679144181452
9130221h12rik,4.1076771613339265
9330020h09rik,1.0219227449303554
9330102e08rik,-0.2025553411335861
9330117o12rik,-0.5997621528843589
9330118i20rik,-0.3663532022801555
9330121k16rik,-0.8470365613906821
9330133o14rik,0.33714713632411303
9330151l19rik,-0.3556041060296833
9330159f19rik,-0.33858545792765166
9330162g02rik,-0.6128572374127514
9430021m05rik,0.3771327384407625
9430038i01rik,0.601548458557901
9430041j12rik,0.6622073683733496
9430078g10rik,0.5490156221235034
9430083a17rik,0.6463508963846124
9530082p21rik,-0.2008359629777797
9630001p10rik,-0.8452209160494886
9630009a06rik,0.8825168973783726
9630013a20rik,-0.7346709215074201
9930017n22rik,-0.5820609449727345
9930021j03rik,-0.2840290863926765
9930104l06rik,0.2511730846790848
A230001m10rik,-0.2829451280122484
A230009b12rik,-5.954947094152372
A230020j21rik,0.049585477647529574
A230045g11rik,0.417621971808592
A230051n06rik,1.3319247696937557
A230056p14rik,-0.35110450039146923
A230057d06rik,0.0894996001624539
A230070e04rik,-0.27218332180078114
A230072c01rik,-0.02058379522911269
A230077h06rik,-0.3943490373189859
A230103j11rik,-0.310582319343882
A230103l15rik,-0.022651943940676433
A230107n01rik,-0.593743503077967
A2ml1,-0.2873508584482242
A330008l17rik,-9.794818021179127
A330009n23rik,0.30077837043779915
A330015k06rik,1.2058157585542748
A330023f24rik,-2.9755304439567305
A330040f15rik,0.9383627089833924
A330041j22rik,-0.3904950957707789
A330049n07rik,-0.3500831953611973
A330070k13rik,0.9336757843934343
A330074k22rik,0.2658895771362476
A330076h08rik,-0.7884710949746659
A430018g15rik,-0.395335943012926
A430035b10rik,0.5681239336340979
A430103d13rik,0.3507274925370677
A630019i02rik,2.419820733115427
A630076j17rik,-6.501425649476066
A730017c20rik,-0.320579651099999
A730017l22rik,-0.2600313676020499
A730020e08rik,-0.4055751415169225
A730020m07rik,-0.8649998602562272
A730035i17rik,0.9746263823954116
A730063m14rik,1.534077730806247
A730098a19rik,0.6147320492260293
A830018l16rik,-0.11283165957834584
A830019p07rik,0.7269868704029638
A830036e02rik,0.36917365719551243
A830052d11rik,0.8724875261775965
A830082k12rik,-0.4089890841834523
A830082n09rik,-0.2328744332215999
A930003o13rik,-0.7455601445896846
A930004d18rik,-1.434646136564269
A930005h10rik,0.5214858418141305
A930013f10rik,0.3899004724564091
A930017m01rik,-0.2974555489293713
A930033h14rik,0.5636746999850286
Aa543186,1.2930261380528818
Aaas,0.2946812284453
Aak1,0.2385186385513457
Aamdc,0.4596002751313718
Aamp,0.3341579787717194
Aars2,0.2052518608370674
Aarsd1,0.2941131401898973
Aasdhppt,-0.30769470322954245
Aatf,0.29269459267767056
Abat,-0.28914689657500003
Abca1,-0.19836639845983994
Abca5,-0.14386287678061505
Abca6,-0.3678244699408884
Abca9,-0.41738537811426
Abcb10,-0.25528245941034533
Abcb1a,0.3086622590450515
Abcb7,-0.3706441393132359
Abcc4,0.2285040179493105
Abcc5,-0.22936947792836226
Abcd2,-0.266561400464197
Abcd3,-0.2884975685523969
Abcd4,0.2499235527622444
Abce1,-0.3064036027188445
Abcf2,0.3058639641
Abcg1,-0.2064110569986791
Abcg2,0.3983587939897968
Abcg3,-0.8638993684504856
Abhd1,0.45335103935
Abhd10,-0.16210519821249236
Abhd11,0.2500625487237794
Abhd11os,1.6416313965724378
Abhd12,1.53051497662148
Abhd13,-0.311143513251003
Abhd14b,-0.2083208719591376
Abhd16a,0.30507162287626083
Abhd17b,-0.21132132739868653
Abhd17c,0.0745680943783089
Abhd18,-0.397970134937805
Abhd5,-0.3446144582002389
Abi1,-0.2423717619426615
Abi2,-0.40558144918659234
Abi3,0.4932360262041398
Abitram,-0.27782515567200233
Abl2,0.026281695432995092
Ablim1,-0.2008947028338452
Ablim2,-0.0028946109836827105
Abracl,0.4198928579410502
Abraxas2,-0.2013335417593675
Abt1,0.2399626937382079
Abtb1,0.2611301190340397
Abtb2,-0.0919832826328693
Ac109619.1,-0.3387893863102285
Ac132288.1,-0.5227528384265266
Ac135859.1,-0.5120486121156475
Ac156546.1,-0.4651198882395743
Acaca,0.23620625017409455
Acacb,0.3949465889456236
Acadm,-0.22473756135
Acadsb,0.540534746575
Acadvl,0.2728962445012966
Acan,-0.3629041418887633
Acat2,-0.2073670535315422
Acat3,0.2247038101420945
Acbd5,-0.17286906981357536
Acbd6,0.023079413856551323
Acer2,0.5265791181076983
Acer3,-0.030351977867719898
Acin1,0.23774876338568102
Ackr1,-0.22779761176830224
Ackr2,0.5514825697204281
Ackr3,-0.3053295343683419
Aco2,0.2239786539315114
Acot11,-0.023907105678469334
Acot2,-0.3521370645
Acp1,-0.2458786336323681
Acp4,0.5783832661780858
Acrbp,0.2292005510433585
Acsbg1,-0.2287104503666572
Acsf2,0.2520832137530246
Acsf3,0.2107366309581795
Acsl3,-0.3771064062166667
Acsl4,-0.3748863877757809
Actb,-0.70509186015
Actg1,-0.7406334661776152
Actl6b,0.24487035391824605
Actn4,-0.00032507796646946696
Actr2,-0.2970503859667293
Actr6,-0.2970114566579396
Actr8,0.29436110950686856
Acvr1,-0.3418641339786467
Acvr1c,4.227609112788498
Acvr2a,-0.35185941691585815
Acvr2b,0.4343075071281435
Acy1,0.4380812814610851
Acy3,0.5593152553864095
Acyp1,0.5613677060163662
Acyp2,0.4011808711932057
Ada,1.0568976308833777
Adal,-0.2457266831166709
Adam10,-0.299471686041034
Adam11,0.23655407893422845
Adam17,-0.28387207085211574
Adam1a,-0.4335238439779038
Adam23,-0.2825778079897692
Adam8,-0.12735395519813952
Adam9,0.26774179140178694
Adamts10,0.26365136468503775
Adamts13,1.3100064407000758
Adamts14,0.6860596724161034
Adamts16,0.2716448075744411
Adamts17,-0.2893788326382008
Adamts2,-0.6463447423861458
Adamts20,0.2556358794763972
Adamts4,-0.4887016025162204
Adamtsl1,-0.04223058348246561
Adamtsl4,-0.2374402515574629
Adap2,5.665967471662465
Adar,0.003757413108508051
Adcy2,-0.2714752431933813
Adcy3,0.2111568051713159
Adcy4,-0.390877030200057
Adcy5,-0.007676780729931401
Adcy9,0.2013398322594298
Adcyap1r1,-0.14124817616560048
Add1,-0.30676124242499997
Add2,0.2874970704274185
Add3,-0.273901189425
Adgra2,0.26369862635
Adgra3,-0.2665262207105761
Adgrb2,-0.08459955335883369
Adgrb3,0.2324133919999071
Adgre1,-0.1442252937861044
Adgrf4,-0.4740751072877217
Adgrg1,-0.3079785767012718
Adgrl1,-0.11168112215561914
Adgrl3,0.13579920346390223
Adgrl4,-0.2103305709088064
Adgrv1,-6.856759286350177
Adh5,0.2428435487087055
Adhfe1,0.2876197162860046
Adi1,0.47895242962499995
Adnp,0.12495149921205778
Adnp2,-0.3200669884849316
Ado,-0.2390107616324271
Adpgk,-0.246983543891282
Adprh,0.2353900413059096
Adra1a,0.5066751114730255
Adra2a,-0.5257568364179012
Adra2c,5.6459037421378016
Adrm1,0.22364606610689955
Adss,-0.40144075105
Adssl1,0.4151149800742323
Aebp2,-0.25629980338293
Aen,0.2986127137417648
Afap1,-0.26210323255388984
Afap1l1,-0.26600716495999244
Aff1,0.32772203419527046
Aff2,0.20596436671922252
Aff3,-0.029824658104774804
Aff4,-0.05063811571098139
Afg3l1,0.24466372401972214
Afg3l2,0.2637359316330545
Aftph,-0.3318423784296253
Agap2,-0.04034900442522829
Agbl5,0.2235986018308862
Agfg1,-0.3286169646336398
Agfg2,0.3058012954650319
Aggf1,-0.233834477075
Agl,-0.0325293451855727
Agmo,-0.33863838710618155
Ago2,-0.09935174422780546
Ago3,-0.5190653679125893
Ago4,-0.23214634256452335
Agpat3,-0.2291476790186541
Agpat5,-0.2613556856345309
Agps,-0.20853244235202018
Agrp,1.140151434198657
Agt,-0.027748230769768845
Agtpbp1,-0.2103112951410403
Agtr1a,0.6290043572310609
Agtr2,-0.516619098076505
Ahctf1,-0.307566224168028
Ahcyl1,-0.2456410510974408
Ahdc1,-0.18371883510919024
Ahi1,-0.23936374673340505
Ahnak,0.2326901276
Ahsa1,0.22123032317189326
Ahsa2,-0.2304825824111738
Ai115009,0.5993430667646346
Ai413582,0.39633668912002523
Ai450353,-0.5136873362325454
Ai504432,-0.4826602519462532
Ai506816,4.253782048500547
Ai593442,-0.3198004027998173
Ai597479,-0.2725038424623819
Ai837181,0.2332578831026357
Aida,-0.27145910339359125
Aif1,0.4813012383181204
Aifm1,0.435419429625
Aifm2,0.3124586783765986
Aifm3,0.3076084957120974
Aip,0.3930356755743619
Ajap1,-0.3875830590822844
Ajm1,0.2654583925227416
Ajuba,-6.932379332794344
Ak1,0.34053515550413355
Ak2,0.40363068103144606
Ak3,-0.2519237855497919
Ak4,-0.2739943792759826
Akain1,-7.437421033327964
Akap1,0.23386465779190554
Akap10,0.3627368359047785
Akap11,-0.055857640178681334
Akap12,0.2024929027191309
Akap13,-0.2562718029014182
Akap5,-0.295948919780424
Akap6,-0.025819255365328198
Akap7,0.45653106276032784
Akap8l,0.2199489635810264
Akap9,0.2405382106994258
Akip1,0.5167692808387659
Akirin1,-0.27478364506466313
Akirin2,-0.2211890155131982
Aknad1,2.620636261244341
Akr1a1,0.2535669535043082
Akr1b3,0.3441388542
Aktip,0.3620907672
Alad,-0.2557996140586316
Alcam,-0.32870239334999996
Aldh18a1,-0.2748341432384463
Aldh1b1,0.5038386983291644
Aldh1l1,0.2013234787
Aldh1l2,-0.2302781349271508
Aldh2,0.3374935613969577
Aldh5a1,0.2189277272364312
Aldh6a1,0.061028440816799305
Aldoa,0.277168900456721
Aldoart1,-1.1776957247359072
Aldoc,0.12301848251314311
Alg10b,-0.3654403914907099
Alg11,-0.3355015842536845
Alg13,-0.4321581680449828
Alg5,0.26444660725853025
Alg6,-0.06173108406424871
Alg8,-0.2985961963422121
Alkbh3,0.17212428909430555
Alkbh5,-0.2236788141512425
Alkbh6,0.2282682685299162
Alkbh7,0.4158978753286388
Alkbh8,-0.2556097272190317
Alox12b,-10.065304434718207
Alyref,0.3516293867978244
Alyref2,0.392767327851437
Amd1,-0.08957804141442809
Amd2,-0.30566567405
Amdhd2,0.3355760567428027
Amer3,0.2031150860960146
Amfr,-0.2301257645409674
Ammecr1,0.6140191431731723
Amn,0.4837539690137037
Amn1,-0.2637791365134163
Amot,-0.1513228628241275
Amotl1,-0.3589038864814812
Ampd3,-0.3342778572466387
Amy1,0.0374385584253428
Amz1,-0.2845637015669468
Anapc11,0.3206502419671252
Anapc13,0.6649630602444567
Anapc16,0.3011955971314596
Anapc7,0.23354554091291052
Angel2,-1.074827218208244
Angptl4,0.6981907969231284
Angptl6,0.3493000861143454
Ank,-0.2156474831818188
Ank1,0.07550513486010836
Ank2,0.16114596242193996
Ank3,0.10870759888609945
Ankfn1,0.370175792928731
Ankfy1,-0.2832903798556972
Ankib1,-0.1174350621409952
Ankle2,-0.2386422518904037
Ankmy1,0.5530859840319751
Ankrd10,0.18890864955453623
Ankrd11,0.2149827017026702
Ankrd12,-0.2202210484
Ankrd13b,0.2866472294404751
Ankrd13c,-0.33591272840709907
Ankrd16,0.3873038063538447
Ankrd17,0.48795394458937863
Ankrd23,10.208040961690168
Ankrd24,0.3497550083560487
Ankrd28,-0.06486420738700298
Ankrd29,-0.36230772341938233
Ankrd34a,-0.062403372787186905
Ankrd34b,0.008796067239380506
Ankrd34c,-0.3654349613100719
Ankrd35,0.2753961366367393
Ankrd42,0.38910816151106525
Ankrd45,-0.33620604055866515
Ankrd46,0.3195195478
Ankrd49,-0.2938396555130029
Ankrd50,-0.2362841566093403
Ankrd52,-0.004047537235436688
Ankrd6,-0.3720436489768661
Ankrd61,0.9860221344182006
Anks1,-0.259912560000901
Anks1b,-0.2096337522938973
Anks3,-0.3361827338
Anks6,0.2955089994
Ankzf1,0.2100714663387094
Anln,-0.3316043407721546
Ano1,-0.5257366419826477
Ano10,-0.2072091326402004
Ano2,1.526485472407613
Ano3,-0.3106190802136434
Ano5,-0.680510133266705
Anp32a,0.3395295726147564
Anp32b,0.008344661853222343
Anp32e,0.2648456580020256
Antkmt,0.34663822368166985
Antxr1,-0.2092927739305096
Anxa11,0.2432832936585993
Anxa4,3.5595402216389007
Anxa8,0.8137146052544774
Aoc2,-0.3194016222035619
Ap1ar,3.108519224113414
Ap1g1,-0.2204213831226557
Ap1g2,0.010345016172981197
Ap1s1,0.4090243561963057
Ap1s2,-0.4236380608415765
Ap2a2,-0.3414135995647526
Ap2b1,-0.008867222673961256
Ap2s1,0.044751063949581366
Ap3d1,-0.2482215064903125
Ap3m1,-0.2759508489138396
Ap3m2,-0.210452891800001
Ap3s1,-0.5781911502455911
Ap4s1,-0.07530294460762717
Ap5b1,0.2085000395
Ap5m1,-0.3178523282627311
Apaf1,-0.4663795343090813
Apba1,0.110686139130527
Apba2,-0.1043580553595568
Apbb1,0.23861211497450815
Apbb2,-0.004766645806716555
Apbb3,0.27832612114686833
Apc,0.056476184978593594
Apc2,0.2912795027251156
Apcdd1,0.4375264400439911
Apex1,0.2967536338842219
Apex2,-0.08130429914880122
Aph1b,-0.30442257947904117
Api5,-0.2692646292368439
Apip,0.3003952790539055
Apln,-0.563260489002948
Apmap,1.6305418909464462
Apoa1,1.7469351118007617
Apobec1,0.9119992108788592
Apobec3,0.4042117132839073
Apobr,0.5931746190534299
Apoc1,1.0335411103974268
Apoe,0.7315283544454516
Apol8,0.3833986733185717
Apold1,0.6253461884987113
Appbp2,-0.08371087649996245
Appl1,-0.2679677004201573
Appl2,0.2914428456632807
Aprt,0.22582499682060256
Aqp1,3.199866583219253
Aqp11,0.2475303391667068
Aqp4,-0.3169237495161019
Aqr,-0.25916105690269264
Ar,-0.2175592844
Arap2,-0.009788064477086356
Arc,0.3113092827825481
Arcn1,0.38969153765
Arf2,0.2128406375156735
Arf4,-0.29673662184600125
Arf5,-0.200534341529238
Arf6,0.2779853857612749
Arfgap1,0.17900918966158713
Arfgap2,0.2010524555846223
Arfgef1,-0.0831660644824649
Arfgef2,0.033248886011421244
Arfgef3,0.638109863589499
Arfip1,-0.4013890631817779
Arfip2,0.2041922236326534
Arfrp1,0.2077706465902369
Arglu1,-0.09355442635486591
Arhgap12,-0.2575965314200538
Arhgap20,-0.0527915430997928
Arhgap22,-0.3651391257782087
Arhgap23,0.0032791999789198445
Arhgap29,-0.39062270790147374
Arhgap32,-0.06245598907662297
Arhgap35,-0.07233352970997536
Arhgap39,-0.3205782683271752
Arhgap42,-0.31942713499265035
Arhgap44,-0.2127754668115953
Arhgap5,-0.2717580877382289
Arhgdig,0.44139398701378546
Arhgef1,0.2586983801326553
Arhgef10,0.23971731456531015
Arhgef10l,-0.2702467423126761
Arhgef12,0.22711440134831165
Arhgef17,-0.276129137770909
Arhgef18,-0.2137171431785433
Arhgef19,-0.4734076555921181
Arhgef25,0.3050262335517838
Arhgef26,-0.1482275209586526
Arhgef28,0.3709076880430829
Arhgef3,0.5343143679852562
Arhgef37,0.39398430311516525
Arhgef6,-0.0737483762808197
Arhgef9,-0.2016940555243236
Arid1a,0.2648721073935399
Arid1b,-0.05959203351392833
Arid2,0.22062462630241275
Arid4a,0.2728043816165935
Arid5b,-0.027821582106873643
Arih1,-0.3523546214222956
Arl10,0.2453041588628656
Arl14ep,-0.2929599516317489
Arl15,-0.2632356526877784
Arl16,0.3044925774496301
Arl2,0.3422390157010621
Arl3,0.5563755513908111
Arl4d,0.8873665220961525
Arl5a,-0.36461956325989314
Arl5b,-0.378928579831696
Arl6,-0.2173108844210778
Arl6ip1,-0.2455320256730571
Arl6ip4,0.29600768323878407
Arl6ip6,-0.3275227880605112
Arl8a,0.2075998275895832
Arl8b,-0.2625471217166611
Armc1,-0.2697396813171655
Armc5,-0.2671334015836767
Armc8,0.20300985225
Armc9,-0.2261843591663555
Armcx2,0.2128210869358787
Armcx3,0.2988254333044032
Armcx4,0.28309822636034154
Armcx6,0.3023979567113593
Armt1,-0.2458980311281771
Arnt2,0.24491692239133248
Arntl,-0.4429382079506664
Arpc3,0.2455480294081348
Arpc4,0.308188889524542
Arpc5l,0.23759441692443461
Arpin,0.2151187569919961
Arpp19,-0.24643326399377902
Arrb1,0.2592811029
Arrdc2,0.761320643051867
Arrdc3,0.12656076120392015
Arsb,-0.2031999065890955
Arsg,-0.245657684787713
Arsj,-0.3400415591857857
Arsk,-0.24319553194603033
Arxes1,-0.2807742769597589
Arxes2,-0.766078700277161
Asah1,-0.12681948167019935
Asah2,0.006168380644730742
Asap1,-0.06201774094425943
Asb1,-0.21209611128483613
Asb11,0.6077506868472049
Asb3,-0.2676200370957822
Asb4,-1.4805045099742526
Asb7,-0.2093320304818218
Ascc3,-0.16600792569276782
Asf1a,-0.2606066924591525
Ash1l,-0.029464050529124135
Asic2,-0.3464485849159322
Asic4,0.5377420668047785
Asl,0.36534493323219075
Asnsd1,-0.2345439614597456
Aspa,-0.12034336468733524
Asphd1,0.511075417764136
Astn1,-0.006416462922629929
Astn2,-0.212972370828658
Asun,0.2454597858
Asxl3,8.763816203858354
Atad1,-0.24911133030166074
Atad2,-4.8893531039339875
Atad2b,-0.307854271984097
Atf1,-0.2803484911510771
Atf2,-0.30383379660137777
Atf4,0.2731922244
Atf6,-0.0008096620453300479
Atf7,-0.22921510927108502
Atf7ip,-0.2513899220002228
Atf7ip2,3.5607291178897342
Atg10,0.3429940271805018
Atg101,0.3585854136081267
Atg16l2,-0.233780095372065
Atg2b,0.007747017611276358
Atg4a,-0.2790543778767995
Atg4c,-0.025374606348586654
Atg5,-0.3590378842247218
Atg9a,-0.2080883021564962
Atl2,-0.20927679327343954
Atl3,-0.344847807811397
Atm,0.3133561644880237
Atmin,0.6377131003006937
Atn1,-0.3277685632028112
Atox1,0.19235447801987177
Atp10a,0.429983195141119
Atp10b,-0.4623409002714022
Atp11b,-0.331880890701799
Atp11c,6.318114249621972
Atp13a1,-0.2365966647846982
Atp13a3,-0.2908274015096401
Atp13a5,0.3972922469096737
Atp1a1,-0.2017649456705323
Atp1a3,-0.10938933233930948
Atp1a4,-2.7425678601809698
Atp1b2,-0.2807024206114408
Atp23,0.3247278611557511
Atp2a2,-0.08255151692589165
Atp2b2,-0.10445343691150322
Atp2b3,0.15113515322401294
Atp2b4,0.3010788638290164
Atp2c1,-0.2663351928933553
Atp2c2,1.1267221700715455
Atp4a,-12.06147611863088
Atp5a1,0.7318680354
Atp5c1,-0.260553845224999
Atp5d,0.3209512332684309
Atp5e,0.4154362872926428
Atp5g1,0.4091295463241857
Atp5g2,0.3719600587949964
Atp5g3,0.42135221136676004
Atp5h,0.15909649480552815
Atp5j,0.23637769012260787
Atp5j2,0.5806042756366144
Atp5k,0.5655571315309207
Atp5l,0.05282935083229803
Atp5md,0.664996053393315
Atp5mpl,0.4566785283428053
Atp5o,0.38830215126681333
Atp6ap2,-0.3054488306187761
Atp6v0a1,-0.2384074744371035
Atp6v0a2,-0.24923026118453429
Atp6v0b,0.31960146915260923
Atp6v0c,0.26311741491607726
Atp6v0c-ps2,-1.2449398121912765
Atp6v0d1,-0.2258955490482957
Atp6v1a,-0.22399185322981865
Atp6v1f,0.19944836098178717
Atp6v1g1,0.43592530680133945
Atp6v1g2,-0.30953622555
Atp7a,0.4485137447958103
Atp8a1,-0.1256337650735366
Atp8a2,0.2575363608099581
Atp8b1,0.6062856663482789
Atp9a,-0.2568385475917634
Atpif1,0.3523058308867545
Atr,-0.2600904731478116
Atraid,0.2866602116378629
Atrn,0.011790546021660298
Atrnl1,0.00726033515781796
Atxn1,-0.05859997341213813
Atxn2,-0.3018202058672981
Atxn3,-0.2661653963226577
Au020206,-0.3819140884296901
Au022754,0.5513857467170209
Au040320,0.2282297188809678
Au041133,0.7101557665151285
Auh,0.3605212064544052
Aup1,-0.2300109504
Aurkaip1,0.19367497408084325
Auts2,-0.1378599905090289
Avl9,-0.1962600390863677
Avpi1,0.24421759814291663
Avpr1a,-1.584377497124874
Avpr1b,1.026566567217748
Aw146154,0.4734225645298719
Aw209491,0.2021681858350024
Aw549877,-0.45569775593047784
Aw551984,0.226522379977393
Aw822252,0.3502758404574144
Axin1,0.2336808271705091
Axin2,0.23353273334994065
Axl,0.20081357335
Ay036118,0.832040926406212
Azi2,-0.2903187785398742
Azin1,-0.3696129987953379
Azin2,0.25753633120302155
B230110g15rik,1.088922335182002
B230206h07rik,0.1795456954540154
B230206l02rik,0.8889400830278624
B230217o12rik,0.36570744352534945
B230219d22rik,-0.2949770108039522
B230303o12rik,0.363897309845835
B230311b06rik,0.8095793367055951
B230354k17rik,-0.2332775579013426
B2m,0.2700327014
B3galt1,-0.37639810944150714
B3galt2,-0.34373927940157933
B3galt5,0.24547375526136125
B3gat2,-0.2444515151302608
B3gat3,0.42245170225980044
B3gnt9,0.2744744995901945
B3gntl1,0.3288863163999802
B430010i23rik,2.461174221906374
B4galnt3,0.6056567597670366
B4galnt4,0.2018147758893042
B4galt1,0.5738293781846219
B4galt4,0.2419830548803477
B4galt5,-0.2019616932791005
B4galt6,-0.3103785323950997
B4gat1,0.266176203349771
B630019k06rik,0.7975259116409357
B830012l14rik,-0.6826952513208311
B9d1,0.25125827328737665
B9d2,0.4551895874572054
Baalc,-0.2846314335938005
Babam1,0.2104824925715486
Babam2,-0.29141551397735915
Bace1,-0.2214376262992966
Bace2,0.19941221730224268
Bach1,-0.29416150029277516
Bach2,0.2293519624419632
Bad,0.25503106451378604
Bag1,1.8830822244653593
Bag3,-0.2500240541117404
Bag4,-0.34827394113918525
Bag5,0.2404493010348746
Bahcc1,-0.4337759825007348
Bak1,0.2339796394025387
Banf1,0.5091768534801422
Banp,-0.2954811156128771
Basp1,0.3122520556914515
Bax,0.3565963120038755
Baz1b,1.5844311991590967
Bb218582,0.8552981263338008
Bbc3,0.5137835268661536
Bbip1,-0.2578666165031253
Bbox1,-0.4933437281961275
Bbs10,-0.4514579594667918
Bbs12,-0.409938100467882
Bbs9,-0.3096855844423908
Bbx,-0.2202959374268898
Bc003965,0.2299301265768328
Bc004004,0.22935911002538745
Bc005537,0.05274096882892865
Bc005624,0.37623225643679187
Bc016579,-1.314117783735684
Bc022960,-0.2720230030216141
Bc024063,-0.24898694328207954
Bc029722,0.34281006593345326
Bc030343,0.3541008093170184
Bc037032,-0.5916428535081127
Bc037704,0.585394545999616
Bc048403,-0.3106572946226774
Bc051226,0.4298540525378265
Bc065397,9.921538348310172
Bc067074,0.358722434684278
Bc1,1.7691585910402938
Bcap29,-0.042753608956268785
Bcap31,0.358067305775
Bcar3,-0.3848486778789457
Bcas2,0.4383523602
Bcas3,0.2173154509241117
Bche,-0.7340388597680493
Bckdha,0.3116510165242827
Bckdk,0.2207151946861932
Bcl11b,-0.2131321957623705
Bcl2,-0.3386578833022777
Bcl2l1,0.27022047233390867
Bcl2l11,-0.3082655597274972
Bcl2l2,0.4389395163571676
Bcl3,-0.9444981868807464
Bcl6,0.043698033527258096
Bcl7c,0.34475923261886804
Bclaf1,-0.2577584939173007
Bclaf3,-0.4243641203136027
Bcor,0.23691685045
Bcorl1,-0.2127958033593189
Bcr,-0.13377428258944382
Bcs1l,0.23735248658269592
Bdh1,0.2141037123603278
Bdkrb2,0.09902249334023994
Bdnf,-0.31714726412296884
Bdp1,0.2388186332959668
Bean1,2.6269561102276526
Becn1,0.4619310296
Bend4,-1.4875205065738124
Bend5,0.4202861102246964
Bend6,-0.2608286670550588
Bet1,-0.01213048038902511
Bex1,0.5193204048492062
Bex2,0.4282926555276507
Bex3,0.5078566405857678
Bex4,0.7817581948076624
Bfsp1,0.9229146500146286
Bfsp2,-0.3414666810516078
Bhlha9,0.22604472543008758
Bhlhb9,-0.2315091196584756
Bhlhe40,-0.36196335776401767
Bhlhe41,0.16591228781577394
Bicd1,-0.1820309358215408
Bicra,-0.17661080488643613
Bin1,0.2636054939026872
Bin2,0.3353891719442713
Birc2,0.392195516
Birc6,0.2219044240522356
Bivm,-0.2547003344990372
Blnk,-0.4091930874624419
Bloc1s1,0.4195437837422529
Bloc1s3,4.220453972065748
Blvrb,0.4388589079508036
Bmi1,-0.2610488498848921
Bmp2k,-0.35761526399560495
Bmp4,0.7990494568212099
Bmpr1a,-0.07891107384509838
Bmpr1b,-0.2211489342710032
Bmpr2,1.1258402324758798
Bms1,0.2393957525070336
Bmt2,-0.40027585477968786
Bnip1,0.2231292758107896
Bnip2,-0.2000160986344427
Bnip3,0.2802864022302667
Bnip3l,-0.3614362338088916
Bnip3l-ps,-1.4404906281902297
Boc,-0.2131748897646315
Bod1,3.2815744305061783
Bod1l,0.2193984641884301
Bok,0.2709539580606895
Bola1,0.2598167130341993
Bola2,0.8939615059487496
Bola3,0.2805653992327486
Boll,-0.4523498090040019
Bora,0.4279412049640045
Borcs5,-0.2115719797028784
Borcs6,0.3322884227412828
Bpgm,0.2188261006008806
Bphl,0.3680730518042009
Bpnt1,0.2262750955827835
Bpnt2,-0.2975470062225269
Bptf,0.23158678151761578
Braf,-0.2120834195622401
Brap,2.2932012429183297
Brcc3,-0.02985502229938561
Brd1,2.44148817013953
Brd3os,0.25931241182145465
Brd4,-0.09685707671620451
Brdt,-0.4565022747738529
Brf1,0.2470237977067758
Bri3,0.3766703391545067
Bri3bp,-0.013415025554209786
Brinp3,-0.02420837924984759
Brk1,0.3957063260024991
Brms1,0.4406612119226049
Brox,-0.2138738755743315
Brs3,0.4169804327994011
Brsk1,-0.3524605270749783
Brwd1,1.2304322081329067
Brwd3,8.122480546002343
Bsg,-0.222085901726958
Bsn,0.15626688472519332
Bst2,0.7394509064
Bsx,0.4213545647974361
Btaf1,-0.36940259632562467
Btbd1,0.4914689783564488
Btbd11,0.2919394805535132
Btbd16,0.6226930624234621
Btbd3,-0.38276206139016233
Btbd7,-0.27373726948201693
Btbd8,0.2453510371984528
Btc,-1.0490395667097705
Btf3,0.2083848768135797
Btg1,-0.29268934385
Btg2,0.4416232772995648
Btg3,-0.5524272030461644
Btrc,0.2213305721603203
Bud13,0.21748477492213608
Bud23,0.2866963180164148
Bysl,0.2464342406505441
Bzw1,-0.07890626300372121
C030005k06rik,-0.5240297101517469
C030017b01rik,-0.5096475987425756
C030023e24rik,-0.6265509241279504
C030029h02rik,-0.3229959934598903
C030034i22rik,-0.6792813427453802
C030034l19rik,1.4092583673329497
C130021i20rik,0.3752538920028891
C130023a14rik,-1.0823113321102815
C130026i21rik,3.129994657180506
C130074g19rik,-0.3813481274374454
C1d,-0.5056543239047139
C1galt1,-0.5747921192551804
C1qa,0.5492690565974458
C1qb,0.3555446854672036
C1qbp,0.2620210846213959
C1qc,0.42758193483197104
C1ql3,-0.18821248053264134
C1qtnf4,0.2736111772285962
C230057m02rik,-0.4210620400845035
C2cd2,0.2143808476377576
C2cd3,0.0035760932896619496
C2cd4d,7.197142854449617
C2cd5,-0.29009403199737666
C3,0.4701003251055027
C330018a13rik,1.211025816063183
C330018d20rik,-0.027495444614008047
C530008m17rik,0.356374247498406
C630004l07rik,1.1758723298879104
C78859,-0.3514701031941002
C87436,-0.2675246850987781
C9orf72,-0.27899426965256346
Caaa01066123.1,0.4172210764117658
Caaa01147332.1,0.264993878198822
Cab39,-0.25702824969555627
Cabcoco1,0.4368957134098505
Cabp7,0.4604873591192949
Cachd1,-0.16990291399606783
Cacna1c,0.2165522519976457
Cacna1d,11.291666481571285
Cacna1g,0.4559881178
Cacna1i,0.0759622424775917
Cacna2d1,-0.34453657995833986
Cacna2d2,-0.3638654654040669
Cacnb1,-0.343637110644789
Cacnb2,-0.25576550695
Cacnb3,-0.3380576316951053
Cacnb4,-0.3223760436019577
Cacng3,0.04898400241879665
Cacng4,-0.4274165466058288
Cacng6,0.5648208296922205
Cacng7,-0.3155053711
Cacng8,-0.22091314323597191
Cactin,0.3086104829192347
Cacul1,-0.2783590900882386
Cacybp,-0.29179327314596426
Cad,-0.005437370963609647
Cadm2,-0.2776352216396206
Cadm3,-0.3085895767103325
Cadm4,0.3296153652268215
Cadps,-0.004182810592153308
Cadps2,-0.255089403371269
Calb1,-0.3313763754914076
Calb2,-0.4968973353206474
Calcoco1,0.23812426600091005
Calcr,8.393146088816707
Calcrl,-0.25829465482452374
Cald1,-0.2191232939712042
Calm2,0.24724950104920823
Calm3,0.2462950686463986
Caln1,0.2944230324447474
Calr,-0.6953027228370772
Caly,0.2637574818706181
Camk1d,-0.07993191762149586
Camk1g,0.2722203718811908
Camk2b,0.06915262406419809
Camk2d,-0.4130746643171605
Camk2n1,0.2606036048183113
Camk2n2,0.6568306369111737
Camk4,0.3036990910215463
Camkmt,-0.2463899285339788
Camkv,0.0836687230668725
Camsap1,0.2450085688260303
Camsap2,0.36535154780637874
Camta1,-0.0956579086083471
Camta2,-0.12599526559506583
Cand1,-0.15041761963827324
Canx,-0.2016267307114177
Capn3,-0.3293882286127915
Capn6,0.3748977887055789
Capn7,-0.2398253623605156
Caprin1,-0.33253019091755487
Caprin2,0.2218032370931653
Caps2,-0.7851258061130757
Capsl,0.5795219456476177
Capza1,-0.2990761765964694
Capza2,-0.3304185632383301
Capzb,0.2185509897909602
Car11,0.27140253635513517
Car12,-0.6988298117517051
Car13,0.6853243778132314
Car2,-0.2610004485682797
Car7,0.2863557633680767
Carf,-0.31632995815964754
Carm1,-0.032528624400837494
Carmil1,0.3280660440210943
Carmil2,0.3126680401776036
Carmil3,0.2207092159290127
Carns1,0.3355197420917425
Cartpt,0.9450515947183997
Casc4,0.5802808233000001
Casd1,-0.10869958792559005
Cask,-0.3941652548460174
Caskin2,-0.21188380793027323
Casp8ap2,-0.3204684441667705
Casq1,0.7665293744577819
Castor1,0.45801488087747405
Catip,0.8321859400187089
Catspere1,1.6499089072003243
Catsperg1,0.5936774970087181
Cav1,-0.39912774532831624
Cav2,-0.4875022468409685
Cavin1,-0.2812302020316012
Cavin3,0.4828904976560343
Cbarp,-0.2526263958381676
Cbfa2t2,-0.2919066217222273
Cbfa2t3,-0.5793711583124304
Cbfb,-0.30181316133872166
Cbl,0.3337476569859119
Cblb,-0.2678551124314875
Cbll1,-0.3439574784985194
Cbr1,0.41797744354074506
Cbs,0.3139891094179393
Cbx1,0.23623046323948085
Cbx3,-0.375418897156257
Cbx4,1.7956311820876727
Cbx5,-0.2504790408802892
Cbx8,0.22361914932778496
Cby1,0.5798177641138584
Cc2d1a,-0.10049678212042201
Ccar1,-0.2729632615787711
Ccar2,-0.2239343443582969
Ccdc106,0.2152193832106009
Ccdc107,0.385035647912465
Ccdc115,0.32063157419877336
Ccdc116,0.3762232065719362
Ccdc117,-0.307678615395699
Ccdc12,0.5614824233406015
Ccdc120,-0.3419854010368021
Ccdc124,0.47845075946332055
Ccdc125,-1.0013262929755469
Ccdc126,-0.36495701800327857
Ccdc13,0.3352553674356142
Ccdc130,0.2574352334084263
Ccdc137,-0.2503767542
Ccdc14,-3.886184882916132
Ccdc142,0.45380531768696
Ccdc150,1.3865033326735885
Ccdc152,0.7169657660900266
Ccdc153,1.119624848027506
Ccdc157,0.03529972960987739
Ccdc159,0.27372601371169075
Ccdc166,0.4176784031053641
Ccdc180,11.8474805225285
Ccdc181,0.2907044277892346
Ccdc186,0.22576828049021
Ccdc189,0.3428139120081336
Ccdc22,-0.2151484556413248
Ccdc28b,0.4440792263732837
Ccdc30,0.24034008022108933
Ccdc32,0.2136858390612928
Ccdc33,0.9771879184368222
Ccdc39,-0.3538602951569085
Ccdc40,-0.10822027792176686
Ccdc50,-0.3615367328078262
Ccdc51,0.44708372229303284
Ccdc57,0.00691777332397335
Ccdc58,0.5598785031789653
Ccdc59,0.25651902332394055
Ccdc6,-0.3364031687947607
Ccdc61,0.4283593295741288
Ccdc66,-0.3368762739371802
Ccdc71,-0.2054059246028313
Ccdc71l,-0.4567838893849999
Ccdc73,-0.4001033344010597
Ccdc74a,0.3790228892751626
Ccdc78,6.805857734473229
Ccdc8,0.4894525159807691
Ccdc82,-0.2922602060846066
Ccdc85a,-0.28372588345999505
Ccdc85b,0.3201777586022128
Ccdc87,0.43371399762015034
Ccdc88a,-0.30730071397109876
Ccdc88c,0.2470551345281805
Ccdc9,0.47635776529873197
Ccdc92,-0.08021327671333288
Ccdc96,0.4178783581967267
Ccdc97,-0.30136113155811345
Ccdc9b,5.418830904515939
Cchcr1,0.4425472825960578
Cck,0.3057318668624032
Ccl17,0.6370518546367845
Ccl21b,1.0361320479917597
Ccl27a,0.2671060942003701
Ccl6,0.5261558815596764
Ccn1,10.111139239255186
Ccn2,1.2662196543419812
Ccn3,-0.975886659570462
Ccnb2-ps,-0.4579604325092516
Ccnc,-0.09529333094900233
Ccnd2,-0.3183696038606974
Ccnd3,-0.2261441270715155
Ccne2,-0.231556154992312
Ccng1,-0.20707232595481442
Ccng2,-0.0957639859375512
Ccnh,-0.047868767693310416
Ccni,-0.41871563840029724
Ccnjl,-0.2863790707577268
Ccnl1,0.02982808774586676
Ccnl2,-0.26660722947314575
Ccno,0.39601584092871184
Ccnq,0.2781751292451545
Ccnt1,0.2073903237918379
Ccnt2,-0.3097342286466755
Ccny,-0.3094857028155892
Ccp110,-0.0795795470699116
Ccr5,-0.3979358343034023
Ccs,0.8306450564576902
Ccser2,-0.2430369768163817
Cct7,0.2647747609
Cd164,-0.48265172536110373
Cd180,-0.4696545561206299
Cd248,0.5152816821877725
Cd24a,-0.3942086439191609
Cd274,0.3244546428
Cd2ap,0.3830268580409856
Cd2bp2,0.2436425523185049
Cd302,0.4213625273983671
Cd320,0.2110177206014846
Cd33,-0.3857024379837512
Cd3eap,0.34224714599627004
Cd44,-0.5220725617056781
Cd46,-0.5008850993240874
Cd47,-0.3062308251923326
Cd53,4.339430567899964
Cd63,-0.2596148774590099
Cd68,0.50101479354983
Cd83,-0.2524518866069386
Cd86,-0.5048130897636812
Cd93,-0.4753764474273933
Cd99,-1.062673684055474
Cda,-1.9684602184905944
Cdan1,3.912796214940217
Cdc14b,0.3464622670100897
Cdc16,0.41164473557500003
Cdc25b,-0.2067737403164068
Cdc34,0.031715928605279546
Cdc37,0.325634966530002
Cdc42,-0.236620520439646
Cdc42bpa,0.2314656281511497
Cdc42bpb,0.2383443410282066
Cdc42ep1,-0.4061309418554152
Cdc42ep2,0.14129949007080578
Cdc42se1,-0.21580555215
Cdc42se2,-0.2244840233524982
Cdc45,10.816238877484446
Cdc7,-0.26952512399947637
Cdc73,-0.43637435752906617
Cdh10,-0.2796311267899504
Cdh11,-0.36010350751796305
Cdh12,-0.16855865497197275
Cdh13,0.00022181871700789613
Cdh2,-0.2119142272599278
Cdh20,-0.2337432617871326
Cdh22,0.4141581267308905
Cdh4,-0.4385022496108591
Cdh5,-0.2478522768763573
Cdh6,0.33510152570521223
Cdh7,0.025525171509976644
Cdh8,0.3256365016183387
Cdh9,-0.40339337806742925
Cdk10,0.2315354076281013
Cdk11b,0.24589518740689487
Cdk12,0.0253297949059568
Cdk13,-0.10504197943733416
Cdk14,-0.06697237263271964
Cdk16,2.684821147972282
Cdk17,1.183062443394799
Cdk19,-0.23701619952818614
Cdk2ap1,-0.2017646861104456
Cdk2ap2,-0.24373726451682265
Cdk4,0.2170261044114798
Cdk5r2,-0.57901820140041
Cdk5rap1,0.3184802877247557
Cdk5rap3,0.3623870167501103
Cdk7,0.3759931264536749
Cdk8,-0.3281220496378232
Cdkl2,-0.3537993631427361
Cdkl5,0.5755573503164362
Cdkn1a,0.5787234060592998
Cdkn1b,-0.3162031017213063
Cdkn1c,3.1699903323591885
Cdkn2aip,0.019826902985461275
Cdkn2d,0.26063665316835577
Cdo1,0.22769766465454228
Cdpf1,0.4173738180007913
Cdr1os,-0.9198431921944472
Cdr2l,1.0798072525001432
Cds2,0.2096447557402326
Cdyl,-0.256026734302333
Cdyl2,-0.12790214265094182
Ceacam1,-0.5727465556119595
Cebpb,0.209518085104589
Cebpd,0.6920637034664955
Cebpg,-0.2128167788322368
Cebpz,-0.2367433933069454
Cebpzos,0.010258979738801952
Cecr2,-0.3038839470229071
Celf1,-0.2134182495
Celf2,0.2648777114576525
Celf5,-0.4284636964492403
Celf6,-0.272979711266008
Celsr1,-0.39218666524630996
Celsr2,0.14817124621654937
Cemip,0.3194481330897387
Cemip2,0.2745471170575004
Cend1,0.42183048293874736
Cenpb,0.31336413553414266
Cenpn,-10.365983137825127
Cenpo,0.2846244013894602
Cenpq,0.417335394125
Cenps,0.6678468393981147
Cenpv,0.36420515230531486
Cenpx,0.4315440146173544
Cep131,0.5292689772754788
Cep164,0.2431868677129854
Cep170,-0.06597010709594835
Cep170b,0.011673861735869004
Cep192,-0.2189466660328812
Cep290,0.2684279028670887
Cep350,0.2574283085336755
Cep41,-0.39592265609636
Cep43,0.2945280646117784
Cep57l1,2.6542383602492037
Cep76,-0.007707628753744256
Cep83os,-0.2454468959433282
Cep85l,-0.34330894625232156
Cep97,-0.08974052387552854
Cept1,-0.3562996052568603
Cercam,0.3954213439144524
Cerox1,0.3662065269733169
Cers1,0.01999064628011779
Cers4,-0.2495442734
Cert1,-0.2087282688314426
Cetn3,0.02091702968480899
Cfap100,0.4494798465864856
Cfap20,0.2827121592262342
Cfap298,0.43917318951613876
Cfap300,-0.40078595034230197
Cfap47,-0.561208203785584
Cfap70,-0.6802757299103956
Cfap97,-0.2512834640535966
Cfap97d2,0.6213161525116402
Cfap99,0.6344256048486708
Cfdp1,0.28098235820661127
Cfl1,0.6569250487847478
Cfl2,-0.040536271610253055
Cfp,0.35126253649455
Cggbp1,-0.2838179024562867
Cgn,-0.4383430716160758
Cgnl1,7.375259987283478
Cgref1,0.4294666286445913
Chac1,-0.01363173753366335
Chac2,-0.4531711927295468
Chaf1a,0.41956136131554544
Champ1,-0.2073135272
Chaserr,0.3117585171047111
Chchd1,0.34180215950648807
Chchd10,0.31551389922805545
Chchd2,0.1983435724942055
Chchd4,0.33997119416880456
Chchd5,0.2133722921832148
Chchd6,0.2822491377295202
Chchd7,-0.3291709271440419
Chd3,-0.1079492116257096
Chd5,-0.048520877462427864
Chd6,0.2434895071299067
Chd7,0.3387294055480598
Chdh,-0.40673003293121757
Cherp,0.0020707822366607953
Chga,0.03338363549408667
Chgb,0.4475281357805166
Chic1,-0.4065938395053328
Chid1,0.248631610072344
Chka,0.785675477954391
Chkb,0.3165999026384468
Chl1,-0.28760628395
Chm,-0.2708778081062225
Chml,-0.06478247681221924
Chmp1b,-0.054763456235282754
Chmp2a,0.33337660905355476
Chmp2b,-0.4217265499947213
Chmp4b,0.21652913828091191
Chmp6,0.3300554413158828
Chmp7,-0.2333388481
Chordc1,-0.3775952780392668
Chp1,-0.102743195366667
Chpf2,0.30922007860725764
Chpt1,-0.3090738085940596
Chrac1,0.10924305380872473
Chrd,0.27225257311471407
Chrm1,-0.3121114437285604
Chrm2,-0.25518162369810077
Chrna1os,1.5033432257287325
Chrna3,-2.9865438456443574
Chrna5,-0.4585156402446905
Chrna7,0.05231798746737168
Chst10,-0.24208051753077195
Chst12,0.3800802205723071
Chst15,-0.2175962248769171
Chst3,-0.4260159736956109
Chst7,-0.2989185685952814
Chst8,-0.3413673108739692
Chsy1,-0.2827977283238492
Chsy3,-0.346457615744202
Chtf8,0.4857310791075528
Chtop,-0.2237911403624908
Chuk,-0.3395622059967075
Churc1,-0.031244298930697394
Ciao2b,0.3516954556372701
Ciao3,0.2139919857646081
Ciart,0.4764768602055996
Cib2,0.23637856682820124
Cibar1,-0.2366109729051402
Cic,-0.09945318311379164
Cidea,0.6584334092470641
Cipc,-0.222476425074838
Cir1,0.3686397933
Cirbp,0.6717802780296953
Cisd2,-0.2641533225489831
Cisd3,0.2632415257149227
Cit,0.2539277718046278
Ciz1,0.286873959125
Ckap5,-0.2210068216897887
Clasp1,0.033370754255073604
Clasp2,-0.27302600319898634
Clba1,0.3033761274396582
Clca3a1,-0.6379375884662691
Clcn2,0.42069978903759786
Clcn3,-0.01082918939757722
Clcn4,0.414599425425
Clcn5,0.009721495251675955
Clcn7,-1.5001387117238831
Cldn10,0.36943179801879267
Cldn11,0.3947289850453528
Cldn12,-0.2980649108577164
Cldn22,0.5911509036274122
Cldn34c1,0.2522547373507109
Cldn5,-0.33489530753696417
Cldnd1,-0.2480301384746161
Clec16a,-0.0997853096010098
Clec2d,0.7663360860163909
Clic4,-0.3492034892492603
Clip3,-0.3039961557458683
Clk1,0.04942653897886254
Clk4,-0.0315407348317539
Clock,-0.30926997406201867
Clpp,0.3253979754893199
Clpx,0.2995357639
Clspn,0.911969676462742
Clstn2,0.2728838820571562
Clstn3,-0.2728562055025734
Clta,0.2312516264
Cltb,0.4380993849235726
Cltc,-0.13355185033063718
Clvs1,-0.29115748088076404
Cmas,1.729884312168466
Cmbl,0.6365614633770986
Cmc1,0.2685472271105978
Cmc4,-0.8381062593870219
Cmip,0.24690263718407549
Cmpk1,-0.6299979486180148
Cmpk2,-0.2415707409652746
Cmtm3,0.312936638544939
Cmtm4,-0.905111955042882
Cmtm5,0.4597490030494541
Cmtm6,0.0001582881541792036
Cmtr2,-0.2757725015449104
Cnbd2,1.499530590373368
Cndp2,0.30376740320469564
Cnep1r1,-0.14377234097355832
Cngb1,-0.2632451622646823
Cnih1,-0.2514191058946436
Cnih2,0.6764281984741085
Cnksr2,0.9116621671888496
Cnksr3,-0.386323937280574
Cnn2,-0.3629566618087495
Cnnm1,-0.25752712853422066
Cnnm2,0.11031539529615904
Cnnm3,-0.2278662518958886
Cnnm4,-5.032378808313751
Cnot1,0.02427805577730799
Cnot10,-0.2153824256296367
Cnot3,0.2273045808890021
Cnot4,0.062218867649999995
Cnot6,-0.18956500189367095
Cnot6l,-0.36935193200608635
Cnot7,-0.14343689557869538
Cnp,0.3608353887561527
Cnpy2,0.4340003988247515
Cnpy3,0.26784628784032355
Cnpy4,-0.2844205317910912
Cnr1,-0.2635761639691314
Cntd1,0.07409533559991721
Cntfr,-0.3417580691695234
Cntn1,-0.12485438154524166
Cntn4,-0.4466705818057905
Cntnap1,0.2147636269307832
Cntnap2,0.2480847098938095
Cntnap4,0.2802212306677097
Cntnap5a,0.3067903404371915
Cntnap5c,0.354514725167607
Cntrl,0.2335959847127958
Cntrob,0.24472374637643995
Coa3,0.31147245217363223
Coa5,-0.3053408455687765
Coa6,0.42651473049335115
Coa7,-0.14344465905098921
Coa8,0.2163615317930691
Cobl,-0.5313293218236295
Cobll1,-0.33722428587303627
Cog1,-0.25432443434724644
Col11a1,-0.2741577206931004
Col11a2,0.5289472078734461
Col13a1,1.0201112366935396
Col15a1,0.2887419099008869
Col16a1,0.5516892310635432
Col19a1,0.2444253679
Col1a1,-0.8752777857818763
Col22a1,0.4946586523501516
Col25a1,-0.2352177930888956
Col26a1,0.38607382920417743
Col3a1,-1.6722936112307605
Col4a2,0.3359963236625403
Col4a3bp,-0.27977044351827274
Col5a3,0.7865335456894158
Col7a1,0.4797127628978505
Col9a2,1.1434243246811355
Commd1,0.15800709357698617
Commd6,-0.24587543147003138
Commd8,-0.249796930512928
Commd9,0.2528161106929304
Comt,0.2262944445432158
Comtd1,0.2484894998121941
Cop1,-0.2575935898441358
Copb1,-0.34083176444266444
Cope,0.3120078524944147
Copg2,-0.226736020353539
Coprs,0.41000550296077715
Cops2,-0.3683240444077837
Cops6,0.4243587920148686
Cops7b,0.26677201012404195
Cops9,0.5545527606747084
Coq10b,-0.06756905216655901
Coq3,0.22175498820386255
Coq5,0.2320920664688597
Coq6,0.2456479491330558
Coq7,0.28696662845593424
Coq8a,0.2139163946000669
Coro1a,0.2867161783564416
Coro1b,0.2982288120343828
Coro1c,0.21865842513924935
Coro2b,-0.3024107007625154
Cort,0.6779100631131623
Cox10,-0.2957987829208608
Cox14,0.3218701429289196
Cox16,0.4303468319081666
Cox17,0.2396881769996199
Cox20,0.44252172596165124
Cox4i1,0.2775939141303934
Cox5a,0.3814654926203138
Cox5b,0.5363795553143917
Cox6a1,0.33800058185460546
Cox6a2,1.0301707330268002
Cox6b1,0.2861525997014395
Cox6c,0.4170592241674375
Cox7a1,1.5434186603375908
Cox7a2,0.3223429579634872
Cox7a2l,0.2123244948312409
Cox7b,0.3610901939695686
Cox7c,0.46848863290226084
Cox7c-ps1,-1.9924527069964284
Cox8a,1.0319436809396318
Cpd,-0.1938308068538058
Cpeb1,-0.2142298092330016
Cpeb2,-0.23266618520446564
Cpeb3,-0.18512995171527344
Cpeb4,-0.13920977652705097
Cplx2,0.2878673667264084
Cplx3,0.3897246479535211
Cpm,0.2691313831393546
Cpn2,3.638096597582507
Cpne3,-0.4653556925256926
Cpne7,0.4805830892465035
Cpox,-0.2558901802673066
Cpped1,-0.2145805280161886
Cpsf4,0.430968487078091
Cpsf6,-0.4209624213358906
Cr1l,0.03065245805074089
Cr974586.1,-0.4144736713910427
Cracd,-0.2466810324034082
Cracdl,0.2416160482470661
Cracr2b,0.8513652679325143
Crat,-0.2635832847981734
Crb1,-0.3734640804095427
Crbn,-0.24625929249640116
Creb1,-0.35740734077026903
Creb3l1,5.446852282270479
Creb5,-0.4242962901558127
Crebrf,-0.3088257297377474
Creg2,-0.17371335267110985
Creld2,-0.3315957497287904
Crem,-0.37704129979812506
Crhr1,0.4373243829060355
Crim1,-0.029446412295646512
Crip1,0.871253678535656
Crip2,-0.2425537644357172
Cript,0.3739065149910145
Crispld1,0.5031286367694656
Crk,-0.24628917387519708
Crkl,-0.3037609098381942
Crls1,-0.2993080604630449
Crnkl1,0.2643200465993279
Crocc,0.2928556017600747
Crot,-0.22075851860017104
Crtac1,0.2382461067138821
Crtap,-0.265968381964103
Crtc1,-0.3322702262369136
Crtc2,0.2420308880901609
Cry1,-0.2040703216424348
Cryab,-0.2119540078245071
Crybb1,0.5726610905627212
Crybg3,-0.2358871311125965
Cryl1,0.2496700321354517
Crym,0.45471835745993344
Cryzl1,0.474746554925
Cryzl2,0.2379190651287596
Csdc2,-0.2673086169165243
Csde1,-0.35928632911802255
Cse1l,-0.32350279014863
Csf3r,-0.42493299221078
Csgalnact1,-0.3014695598906857
Csgalnact2,-0.19340560732829404
Csk,-0.340161928319199
Csl,-1.2593801434548102
Csmd2,-0.2356871275893252
Csnk1a1,-0.287602952000842
Csnk1g3,-0.248926114711475
Csnk2a1,-0.2365995180776401
Csnk2a3,0.4642994353027327
Cspp1,0.39149801102500004
Csrnp1,0.5036942196772236
Csrnp3,0.3042684189857602
Csrp1,0.32943860103021366
Cst3,0.26366727670375584
Cst6,0.7008854051711148
Cstb,0.4009693660119343
Cstf2,-0.23174843968767905
Cstf3,0.11982829540755287
Ctbp1,2.2943304560232947
Ctcf,1.2277067175041023
Ctdnep1,-0.2479733568156934
Ctdspl2,-0.3169213514187016
Ctf1,10.530920676811945
Cthrc1,-0.2824443240831483
Ctif,0.3083741292925931
Ctla2a,0.904074722210389
Ctnna3,0.38764263006839456
Ctnnd2,0.1275076149981272
Ctr9,0.2975148324
Ctsa,0.2319953049335861
Ctso,-0.06636939078845797
Ctss,0.4070490709
Ctsz,0.2684954604220933
Cttn,0.2099914464634315
Ctu2,0.2622171572308019
Ctxn1,0.04323528855231676
Ctxn2,0.2120835002877819
Cuedc1,0.40666228197236376
Cuedc2,0.4804630188337402
Cul1,0.36986292155
Cul2,-0.30993768103978175
Cul3,-0.30791486254208494
Cul4a,-0.28451086165
Cul4b,-0.34847908571611363
Cul5,-0.13929016402892627
Cutc,0.3801844919352943
Cux1,-0.2300389789498086
Cwc25,0.242458124775
Cwc27,0.2902723490791618
Cwf19l2,-0.2248080234938011
Cx3cl1,-0.3487741553366417
Cx3cr1,-0.28218835668673053
Cxadr,-0.4888638705164779
Cxcl12,-0.2416506543814826
Cxcl14,0.2559756703189628
Cxcl2,2.4591768463347976
Cxxc1,0.2051866069567458
Cxxc4,-0.3132271879645388
Cxxc5,-0.3107306702916465
Cyb5a,0.327530471500727
Cyb5b,-0.2420227598494782
Cyb5d1,0.2574334759201009
Cyb5r3,0.02971375077495277
Cyb5r4,-0.2465836689567943
Cyb5rl,0.4018370808368361
Cybc1,0.2181906461016528
Cycs,0.4908244018957454
Cyfip1,-0.2080368612575798
Cyfip2,0.13020156062876992
Cygb,0.08220814567783494
Cyp20a1,0.3076457633909428
Cyp27a1,0.4010775908307485
Cyp2j6,0.2940123898856464
Cyp2j9,-0.30536901114031023
Cyp4f13,0.2912384000783067
Cyp4f15,0.4982507635548099
Cyp4v3,0.5504579924603005
Cyp51,-0.017380211577572264
Cyp7b1,-0.3204327598494129
Cyria,-0.2373273277209537
Cyrib,0.9662635266266645
Cys1,-0.3759912249553596
Cysltr2,-1.5789526674270689
Cystm1,0.3339156305182009
Cyth1,0.2342258655690778
Cyth2,0.3941788454494566
Cyyr1,-0.2867227734970878
Czib,0.2444663925674416
D030056l22rik,-0.32769461823309776
D130017n08rik,0.2296212189384702
D130020l05rik,0.4416239689268886
D130043k22rik,0.0038433472538639546
D16ertd472e,-0.15022527640532335
D17h6s53e,0.4768909624380475
D1ertd622e,-0.4255053224228126
D230025d16rik,-0.24515342878346086
D2hgdh,-0.251199930501295
D330023k18rik,0.7355680732469332
D330050i16rik,0.30502022021326664
D3ertd751e,0.351535853718789
D430019h16rik,-0.2131608694391923
D430041d05rik,0.3687657548977701
D5ertd579e,0.2841572719749995
D630003m21rik,-0.3692592115743259
D630045j12rik,-0.022192971749212698
D6wsu163e,-0.21313540275941184
D830031n03rik,1.4433481314122505
D830050j10rik,0.478634513883806
D8ertd738e,0.5637533584145806
D930048n14rik,0.2856541945320635
Daam2,0.2890974088149777
Dab1,-0.2197410068
Dab2ip,-0.2809629757434294
Dach1,-0.4175823161345621
Dach2,-0.6491280119335421
Dact2,0.4762100436677391
Dact3,-0.2335032927494121
Dad1,-0.2504604518910454
Dag1,0.0074768475633128495
Dagla,-0.24642089553813445
Daglb,0.2356243291790113
Dalrd3,-0.055190151954072814
Dancr,0.5127634396052294
Dand5,0.2879389219569911
Dapk1,0.3652038893
Dapk3,5.598942802183799
Dars,-0.2240500586250608
Daw1,0.9384987114635944
Dazap1,0.3685857467082736
Dazap2,-0.2001356042165995
Dazl,-0.3398915017315564
Dbf4,2.4821565955138563
Dbi,0.6066511242712919
Dbndd2,0.3738551039122503
Dbp,0.446249133362194
Dbpht2,-0.33193991205135975
Dbt,0.052339463285300244
Dbx2,-0.26442858661499713
Dcaf1,-0.2520003592993051
Dcaf10,1.2370467733843948
Dcaf11,0.40237253455
Dcaf12l1,-0.3277637573509509
Dcaf4,-0.3191315744324728
Dcakd,-0.29628196285037833
Dchs2,0.4782652631265315
Dck,-0.281336542227198
Dclk1,0.2186529219389333
Dclre1b,0.3336607157159568
Dcp2,0.037081430964226156
Dcph1,-1.9083080722361183
Dctn1,-0.04042063125602123
Dctn2,0.25004637408877983
Dctn3,0.11951841492938974
Dctn4,-0.2481771746409993
Dctn5,0.2784411217155791
Dctn6,0.41110507864269336
Dctpp1,0.48924847518066894
Dcun1d1,-0.4375348263553011
Dcun1d3,-0.2297680988084108
Dcun1d4,-0.2397519390615013
Dcun1d5,-0.2969588554666204
Ddah1,-0.295229489202364
Ddah2,0.0423817112096074
Ddc,0.4768281688140128
Ddhd1,-0.22551997096371876
Ddi2,0.2001778067794781
Ddit3,-0.2479396051505188
Ddit4,0.5515981604102875
Ddit4l,-0.3798869318054035
Ddn,-0.041796611253628324
Ddrgk1,0.4981577420835306
Ddt,0.34661304545000005
Ddx17,0.2018938052627444
Ddx20,0.029392013710732814
Ddx21,0.34871175685
Ddx23,-0.2351793478866102
Ddx25,-0.2712147827843834
Ddx27,0.24816401205232874
Ddx31,-0.4414543967298464
Ddx3x,0.32750931722725196
Ddx3y,-0.26160168867148864
Ddx41,0.2285970814343874
Ddx42,0.2215985793304964
Ddx5,-0.3495653466225016
Ddx50,0.336112918
Ddx52,-0.2218543375367666
Ddx54,-0.370795544147085
Ddx58,-0.07960786333352174
Ddx6,-0.16138231897060532
Ddx60,-0.02574796420128911
Decr2,-0.2480067969577447
Dedd,0.35025185775
Degs1,-0.2069401677229431
Degs2,0.2771692376994643
Dek,-0.10265476411304075
Dennd11,-0.2928914750783774
Dennd1a,-0.027383121041673203
Dennd1b,-0.33571106882184765
Dennd3,0.2999441631955414
Dennd4a,-0.0401781474971444
Dennd4b,-0.2253175888712622
Dennd4c,-0.254247510462677
Dennd5a,-0.26863191890900817
Dennd5b,0.2974928954823719
Dennd6a,-0.31515638490327263
Dennd6b,0.2240319100898467
Denr,0.270045966072073
Depdc5,0.2333887616176758
Depdc7,-0.6443244529921308
Deptor,0.030458728468383753
Derl2,-0.2767686197058073
Desi2,-0.40711910207009866
Det1,-0.3777395318338007
Dgat2,0.3114713283834157
Dgcr2,0.206259637088752
Dgcr6,0.3942611542177721
Dgcr8,-0.208051912145868
Dgkb,-0.027814556273922653
Dgkg,0.17497645188138114
Dgki,0.45707630239891445
Dguok,0.3080678177916823
Dhodh,0.2004738254048993
Dhrs11,-0.2161210850692614
Dhrs13,-0.4775722028211801
Dhrs13os,-0.07499609373180718
Dhrs4,0.38395948689575793
Dhrs7,0.24854102015796337
Dhx15,0.1775852703360313
Dhx29,-0.2146132859940102
Dhx36,-0.27251427467046874
Dhx37,-0.2941361876694116
Dhx38,-0.046969771500461194
Dhx40,-0.28174628347491126
Dhx8,0.2002599605732344
Diablo,-0.3064770008385749
Diaph1,-0.2990238615769537
Diaph2,-0.1896116567065772
Diaph3,-0.5130520842615929
Dido1,0.28577057755
Dimt1,-0.3654147953812415
Dio2,-0.4614803094425637
Dip2a,-0.2668189826316093
Dip2b,-0.06752798151436913
Dip2c,0.013821692101105343
Dipk1b,-0.003946766068157859
Dipk2a,-0.35102108183458425
Diras1,0.24581626190730677
Diras2,-0.5144964887449586
Dis3l,-1.2519154919027151
Dis3l2,0.23757446008631805
Disp1,-0.2351674581550067
Disp2,0.021169621197750302
Disp3,-0.3152835047805468
Dixdc1,0.2660621480870741
Dlc1,-0.24277300144731906
Dlg1,-0.2154583717559026
Dlg2,-0.02610583521092205
Dlg4,0.025728789755930598
Dlgap2,0.4191752528969436
Dlgap3,-0.5197200110003378
Dlgap4,-0.2976765998259372
Dmac1,0.3355897241801782
Dmac2,0.205605261055666
Dmac2l,-0.2597329360202648
Dmap1,0.3175432776128596
Dmd,0.250256172308736
Dmp1,0.71006476528885
Dmpk,0.2853028360860817
Dmtf1,-0.3190561932364519
Dmtn,-0.008834265339305203
Dmxl1,-0.05288612169407767
Dmxl2,0.037545194539221935
Dnah1,-0.3389401872796043
Dnah5,-0.5345861013371713
Dnah7a,0.858691098386464
Dnah7b,-0.42956757185189653
Dnaja1,-0.3538105976278115
Dnajb1,-0.3048768625123455
Dnajb2,0.3399533520398382
Dnajb4,-0.2648733086447469
Dnajb5,0.1366673423294516
Dnajb6,0.2180877945750233
Dnajb9,-0.00760117591365117
Dnajc1,-0.37453174802183925
Dnajc10,0.022945780034548544
Dnajc11,-0.006986479233547907
Dnajc14,0.3374761448910182
Dnajc15,0.3797915718701099
Dnajc16,0.345694759575
Dnajc17,0.5682395047529716
Dnajc18,-0.2165676205377649
Dnajc19,0.3344625153497949
Dnajc21,0.2675362761881217
Dnajc28,-0.2807238684
Dnajc3,-0.2297553448314471
Dnajc30,0.2118015803745556
Dnajc4,0.31962489659749593
Dnajc6,-0.0576136836206598
Dnajc9,0.44889639862154407
Dnal1,-0.24377149362838513
Dnal4,0.26182439715666755
Dnase1l2,-0.1199348783956718
Dner,-0.22246181087583175
Dnlz,0.3546442960727889
Dnm1,-0.007006840140852108
Dnm1l,-0.2646399830528139
Dnm2,0.2487148677949351
Dnm3,-0.1365244802763942
Dnph1,0.4262014443563845
Dnttip1,0.4702681162147164
Doc2b,-0.383604152065486
Dock1,-0.10079836508305352
Dock10,-0.2495917041097127
Dock11,-0.3072757455039472
Dock2,0.3977288472176012
Dock3,0.29288901149892294
Dock4,0.0591203334603765
Dock5,8.461636652135624
Dock6,-1.4543129608942564
Dock8,-0.1680457403493033
Dohh,0.2920298709489778
Dok3,-0.0410939032608019
Dok4,0.1029984535884208
Dok6,-0.13222050441046182
Dolk,0.2613436011978342
Donson,0.0144767769033146
Dop1b,-0.0840190096569791
Dpcd,0.21934896775427115
Dpf1,0.2539412867017043
Dpf2,-0.5878102781192655
Dpf3,0.3052649070208867
Dph5,0.3062842084286354
Dpm1,-0.3137770004264879
Dpm3,0.9578567383486882
Dpp3,0.2437402282035337
Dpp6,0.2222819614294453
Dpp8,-0.052626239726456914
Dpp9,-0.2809038327863861
Dpy19l1,-0.24979107116638458
Dpy19l3,-0.11609268022750303
Dpy19l4,-0.1296961013945255
Dpy30,0.2525882331554514
Dpyd,-0.29803528112827893
Dpysl2,-0.2993026696862456
Dpysl4,0.2297532700716457
Dr1,-0.33887328836974673
Dram2,-0.1137217414066006
Drap1,0.5896733634256438
Drc1,-0.2633587355024268
Drd2,-0.2507903656123905
Drg2,-0.2336289726053552
Drosha,0.015122661187842945
Dscam,0.2979228974329903
Dscaml1,0.06726921411979665
Dse,-0.2905741665764321
Dsel,-0.0675417567017783
Dsg2,-0.5657376603281443
Dst,0.41820433658972367
Dstn,-0.23165269175003592
Dstyk,-0.24671059899999997
Dtd1,0.48502893068975783
Dtd2,0.38189411639208326
Dtna,-0.28777488966668097
Dtnbp1,0.2004448189603975
Dtx1,1.5165089899145352
Dtx3l,-0.3085131606410254
Dtymk,0.2037108867289751
Dubr,-0.2615230112254738
Dus2,0.25040728595386413
Dus3l,0.2167764745760993
Dusp11,-0.28992238058547953
Dusp12,0.2315135496118139
Dusp14,0.5541066423439549
Dusp16,-0.29863177314266975
Dusp18,-0.2395608419245228
Dusp22,-0.2319418548895545
Dusp23,0.2514049578080443
Dusp26,0.34794350137267505
Dusp4,-0.25197297611341835
Dusp5,-0.3626383684483137
Dusp6,0.1417560603867886
Dusp9,1.6115727397823645
Duxbl1,0.5868077910956888
Dvl2,0.25392045204315083
Dvl3,-0.211424768783841
Dym,-0.33861692134002086
Dync1h1,0.2919150657881171
Dync2h1,0.257827850993605
Dynll1,0.17092114858061516
Dynll2,0.5787799819697637
Dynlt1b,-0.2265735476928262
Dynlt3,-0.4359693601375602
Dyrk1a,-0.2905255554752864
Dyrk1b,0.3417127437173378
Dyrk3,0.3073609501278307
Dzank1,0.0427014692893089
Dzip1,0.0097606399790105
Dzip1l,0.26902523960754493
Dzip3,0.015032066280514247
E030003e18rik,0.7188756626029056
E130102h24rik,0.8333446400206812
E130307a14rik,0.2294648013432172
E130317f20rik,0.4264077556128284
E2f3,-0.2034636548471358
E2f5,-0.028932178680501464
E2f7,1.8742226180631
E330034l11rik,0.271770342011079
E430024i08rik,-0.8490158881118612
E430025e21rik,0.2810052743
E530001f21rik,0.3856610389340695
E530011l22rik,0.49368552783816405
Eaf1,-0.3011591167881454
Eaf2,1.0919729855755278
Ebf1,-0.3983480578590769
Ebpl,0.4062301279592785
Ece1,-0.299563248128846
Ecel1,-0.4569004445812029
Ech1,0.2389128180250005
Echdc2,6.957791662312393
Eci1,0.2697064201744932
Eci2,0.2230858911342882
Ecm2,-0.6360773841410122
Ecpas,-0.2602507197276151
Ect2l,-0.9688885556816244
Edem1,-0.12270091856612783
Edem3,-0.07985791015198952
Edf1,0.539773771261111
Edil3,-0.28710764975856423
Edn1,-0.29939846314999996
Edn3,0.8076240485033346
Ednra,-0.0946186123698215
Ednrb,-0.4194065269906772
Edrf1,-0.2463435515585163
Eea1,0.007197352517817154
Eed,0.4517951048
Eef1a2,-0.01644555310987794
Eef1akmt2,0.3174276367718428
Eef1b2,0.34585113083853825
Eef2,-0.18295149933851937
Eef2k,0.31074009085936105
Eefsec,0.2357176264957109
Eepd1,0.21223972185
Efcab10,0.7917165982779747
Efcab14,-0.2757599209785307
Efcab15,0.42173510432071537
Efcab5,0.3106994397025036
Efcab6,-0.4839440217885489
Efcc1,0.2249238944903218
Efemp1,-0.606518295399299
Efhd2,2.4775855058637695
Efna3,0.2658589868384955
Efnb1,-0.3552661475411082
Efnb2,0.4008749433442966
Efnb3,0.3166246460978856
Efr3a,-0.2646425847497204
Egfl6,-0.3138548511719797
Egfl7,0.45930815552885595
Egflam,-0.3828294522601844
Egfr,-0.4286450822496969
Egln1,-0.3528719894101844
Egln2,0.2034897144532077
Egr1,-1.3052745647462287
Egr2,-0.4164034682680435
Egr3,-0.46936213374486774
Egr4,0.3746379637435593
Ehd3,-0.2249164655847515
Eid1,-0.08569830429239694
Eid2,0.396196971942335
Eif1ad,0.310724957714435
Eif1ax,-0.2819546849962886
Eif1b,0.3035153885533488
Eif2a,-0.2513814831351211
Eif2ak2,0.04618646033942825
Eif2ak3,0.2232631665436119
Eif2d,-1.8953292279347425
Eif2s1,-0.2068662247970301
Eif2s3y,-0.3466360286958138
Eif3e,-0.2397150452505525
Eif3g,0.41920066183708765
Eif3j2,-1.02144787736046
Eif3k,0.37960037105
Eif4e3,-0.2154264703
Eif4ebp1,0.5853954954541503
Eif4ebp2,-0.28324466290981576
Eif4g1,-0.2492243047088311
Eif4g2,-0.0617806099733843
Eif4g3,0.0025168414951474982
Eif5,-0.2680343330014798
Eif5a,-0.03740717569984181
Eif5a2,-0.3816083954044151
Eif6,0.37522681589763707
Elavl1,-0.2119077421356807
Elavl2,-0.1202847419268593
Elavl4,-0.3033967803339555
Elf1,-0.308321921790662
Elfn1,-0.5479444081733007
Elfn2,0.2599476284619973
Elk1,-0.4118206468958887
Elk3,-0.2721834263302564
Ell,-1.3803915306682897
Ell2,0.3286588568698967
Elmo2,-0.2540637539597267
Elmod1,-0.2458101495573429
Elmod2,-0.3315947241747387
Elmod3,-1.2681659097128353
Elmsan1,0.27451272049464787
Eln,0.714896826636075
Eloa,-0.2322670507677522
Elob,0.3051032893369483
Eloc,-0.4063093332307623
Elof1,0.2482710345612665
Elovl1,-0.2151947253183534
Elovl4,-0.2812949470280017
Elovl5,-0.21971299960275295
Elovl6,-0.3249812830158757
Elovl7,-0.32895787278646793
Elp4,-0.2324976372542317
Elp6,0.2658161731121926
Emc10,0.2069719262353467
Emc4,0.34889379633911655
Emc7,0.5237600365499999
Emc9,0.6076221156353458
Emcn,-0.3075304574350223
Emd,0.3394524314895066
Eme2,0.3426007665686867
Emg1,0.33906100941753325
Emid1,0.5078173963258817
Emilin2,0.4002144827078867
Eml1,0.3533963044
Eml2,0.35473312112555905
Eml3,0.3397215097614106
Eml4,-0.2240906723561839
Emsy,-0.2469364907931509
Emx1,0.46861511140110534
En2,0.7438269416871799
Enah,0.2333374792212396
Endog,0.2112228044603331
Eng,-0.548489459895924
Enho,0.31016700308689843
Enkd1,0.34131678015489003
Eno1b,-0.2276785082785252
Eno2,0.2305551357460049
Eno3,0.4417050870526873
Enpep,-0.4041037479640466
Enpp4,-0.28941706793692407
Enpp6,3.4869143446724906
Ensa,0.21311008046442553
Entpd1,-0.278784376996608
Entpd3,5.8405372582720245
Entpd6,-0.29855479885
Entpd7,-0.016051280149726954
Entrep1,0.4365643763409729
Eny2,-0.05023874364313119
Ep300,-0.10693782702112561
Ep400,0.2760425973409128
Epas1,-0.3239598960104484
Epb41l1,0.2787946639664457
Epb41l2,-0.2082289072911404
Epb41l3,-0.2143927787568387
Epb41l4aos,0.7484644588054945
Epb41l4b,-0.39738331319900405
Epc2,-0.2407308530709799
Epcam,1.2151588406210954
Epg5,0.03359009208008834
Epha10,7.5105298086772345
Epha2,1.3651471463109477
Epha3,-0.241559305893455
Epha4,0.0241919081995067
Epha5,0.006379942409383055
Epha6,0.5257434051657196
Epha7,0.56493030375
Epha8,-0.7171691283856569
Ephb1,0.3025867023253071
Ephb2,-2.264494217838322
Ephb3,-0.6456661930664719
Ephb4,-0.2847724508493262
Ephb6,0.2155811047091869
Ephx2,-0.27965689008597344
Epm2a,0.2682825684433473
Epm2aip1,0.014227236039885722
Epn2,-0.2272651631613605
Eprs,-0.49309276985
Eps15,-0.24300789947258838
Eps8,-0.2977169875962508
Eps8l2,-0.711371756153135
Eps8l3,0.43737996731550577
Erap1,-0.38315301306071814
Erbb3,-0.5655122965567891
Erbb4,0.05263847644130601
Erbin,-0.3210460854662084
Erc1,0.2195815193103696
Erc2,0.3306496395784011
Ercc1,0.28785402522127107
Ercc5,0.5046952203665582
Ercc6l2,-0.2805284728889096
Erf,0.7683416701952526
Erg,-0.3050067456899948
Erg28,-0.2008214670922922
Ergic3,0.273906026478861
Erh,0.2654999434418702
Eri1,-0.31174675792563544
Eri2,-0.3734384798865976
Erich2,1.1323387717138131
Erich3,0.39359825135541415
Erich5,0.49191095510000005
Erich6,-0.4757843377072533
Erlin2,-0.217606492
Ermard,-0.2335394195328512
Ermn,-0.12906367368218905
Ermp1,-0.2726102644011931
Ero1a,-0.342548897858378
Ero1b,2.8889147904618846
Erp29,0.451431757307007
Errfi1,0.2979127358711027
Esco1,-0.16313209293363717
Esf1,-0.2831155990722209
Espn,0.2979060743229315
Esrp2,-0.8545803521624858
Esrra,0.3567768602414755
Esrrg,-0.019992636056827884
Ess2,-0.2589199009544398
Esyt2,-0.2821352336069385
Etaa1,-0.19087220520628156
Etaa1os,0.8382496144131574
Etf1,-0.244102210471202
Etfb,0.2697844899204617
Etfrf1,0.2882800859428937
Ethe1,0.3232701296564071
Etl4,-0.021683447592547395
Etnk1,-0.26753915036370957
Etnk2,0.2260356166724857
Etohd2,-0.2501010602097192
Ets1,-0.3165489684794085
Ets2,0.2552113650683221
Etv1,-0.49850483825
Etv5,0.05273062653019832
Etv6,-0.3018092581940665
Eva1a,0.3252038817727818
Evi2a,-0.2709055011788936
Evi5,-0.32526800113585796
Evl,0.06275940719455354
Evpl,0.245045683954788
Ewsr1,0.2891091168389618
Exoc3,-0.209641027838649
Exoc5,-0.36119485579045024
Exoc6,-0.2286729760975705
Exoc6b,-0.2535532376338628
Exoc7,0.2630006219
Exoc8,-0.044430535476483804
Exog,-0.2022201538595635
Exosc10,0.2169157050459385
Exosc2,0.3286082778678891
Exosc3,0.3188861262392681
Exosc4,0.3467026568830882
Exosc7,0.288989561835195
Exph5,0.25802300674795703
Extl1,-0.03862929993703616
Eya1,5.143643887591415
Ezh1,-0.24335999882499998
Ezh2,-0.299594948125
Ezr,0.342212825661036
F11r,9.888863559913142
F12,7.4950439233648956
F2r,0.5499134706061177
F3,0.5332732718833596
F630048h11rik,0.5226856393669513
F730043m19rik,0.3371874920175209
Fa2h,-0.4203862992645469
Faap100,-0.3492702371118508
Fabp3,0.7123256204245647
Fabp5,0.4616808010550865
Fabp7,0.0698965732157528
Fads2,-0.3028750481
Fads6,0.020178862216808743
Faf1,-0.3410637110016749
Fah,0.2603913010402996
Fahd1,0.2441083483333036
Faim,0.4318848882769537
Faim2,-0.2985375951328398
Fam102a,-0.2153688440235219
Fam107a,0.42963802698258713
Fam107b,0.5396169264924681
Fam110b,0.2116458475378403
Fam111a,-0.6372748909686654
Fam117a,0.8733610368974736
Fam117b,-0.3203688786176144
Fam118a,-0.23640996252500002
Fam120a,-0.22094511989839016
Fam120aos,0.2566630609682623
Fam120c,-0.0583683638240311
Fam122a,0.012952547248196888
Fam122b,-0.3603737866868529
Fam126a,-0.283024454368703
Fam126b,-0.261061696183388
Fam129b,-0.2440436357107444
Fam131a,0.31922324324515017
Fam131b,0.219999475955398
Fam131c,0.3199475439408238
Fam135a,-0.3722728648813558
Fam135b,-0.2809328091611835
Fam13b,-0.13421669620685645
Fam13c,0.042809273021126415
Fam149a,-0.2585723364079807
Fam149b,-0.2201049814
Fam151a,-0.4728593476735751
Fam151b,0.3255847575304436
Fam155a,-0.24198364119821866
Fam160b1,-0.2814913472715315
Fam162a,0.2969914239388478
Fam163b,0.2315251591146603
Fam166b,0.061904096150885046
Fam167a,7.037847197536861
Fam168a,-0.11035271475299124
Fam169a,-0.33027148287101815
Fam171a1,-0.2410054625894663
Fam171a2,-0.3367480744440676
Fam171b,-0.2076063783406622
Fam172a,-0.30702660290567607
Fam173a,0.2007924844058809
Fam174a,-0.4636924688352943
Fam174c,0.5105725015302324
Fam177a,-0.30805811475
Fam181a,-0.4847447522367601
Fam181b,-0.2664411866846752
Fam183b,0.6659702488440926
Fam186b,0.6830549637027277
Fam189a1,-0.24436658491837404
Fam189a2,-0.3213447280686835
Fam193a,-0.2325983155967382
Fam193b,0.2590158810475739
Fam199x,-0.2578853362528232
Fam19a2,-0.2332146942
Fam204a,0.2991509294298158
Fam205a1,0.7761644970528229
Fam20a,-0.9039248723301813
Fam214a,0.3027781389178506
Fam214b,0.34152249111955046
Fam216a,0.21826984876141042
Fam217a,-0.8387147638480389
Fam219a,0.2057865938517817
Fam219b,0.2024507363999456
Fam222a,-0.2034996515216001
Fam222b,-0.08714412706628322
Fam228a,0.469855427689012
Fam228b,0.3997898641990634
Fam229b,0.4613966475180913
Fam234a,-0.3465260881658142
Fam241a,5.124337035150349
Fam241b,0.5402053714268544
Fam3a,0.3139756163650014
Fam43a,0.7248447484295772
Fam43b,3.6986458209640842
Fam49b,-0.2172325299394265
Fam50a,0.3067982122927222
Fam53b,-0.338641085708456
Fam63b,-0.246769878425
Fam71e1,0.4990820886558343
Fam73a,-0.261236834
Fam76b,-0.4543153195539309
Fam81a,-0.2757309070693922
Fam8a1,-0.2978054382356971
Fam91a1,-0.042893468858329495
Fam98a,0.2998212701194671
Fan1,-0.2159921431130823
Fancb,0.4883868584211358
Fancd2os,-1.0694944017434544
Fance,1.3291741776512873
Fancf,-0.3319077089546289
Far1,-0.23019278197723786
Far1os,-0.5198247147025963
Farsa,0.31968337374244354
Fasn,-0.07484416462710025
Fastkd1,-0.32405734542006104
Fastkd2,-0.32843079193248903
Fastkd5,-0.1133973619134716
Fat1,-0.012224739344901342
Fat3,0.2222257236766043
Fau,0.34420503512550654
Faxc,0.17400192912354528
Fbf1,0.02509622588408499
Fbl,0.3798250701963708
Fbln5,0.4859237840998271
Fbn1,0.2564827900196194
Fbxl15,0.2325742029022791
Fbxl16,-0.28233948500237444
Fbxl18,-0.22757142765
Fbxl21,0.328534606477934
Fbxl3,-0.2555526246210871
Fbxl5,-0.2301891678512273
Fbxl6,0.242722286380423
Fbxo10,-0.2212016304309487
Fbxo11,-0.2843382976012921
Fbxo2,0.5441363211949172
Fbxo3,-0.2173836627970154
Fbxo30,0.08783824646387733
Fbxo31,-0.016646491243229436
Fbxo32,2.6873520190717968
Fbxo33,-0.26583060919654466
Fbxo41,-0.07587713787733061
Fbxo42,-0.2398467906278842
Fbxo45,0.2357639768
Fbxo46,-0.06360238234894369
Fbxo6,0.2903568187797292
Fbxo8,0.001380707047120372
Fbxo9,-0.3096949313
Fbxw17,0.217154648968181
Fbxw23,-1.237628806807189
Fbxw4,3.5425168551740893
Fbxw7,0.1255773278159749
Fbxw9,0.2946733121724539
Fcf1,-0.2152156053976246
Fcgr4,0.2502294
Fcho2,-0.26395306097091686
Fcnaos,1.2649873623484358
Fcor,1.1150617727065333
Fcrlb,0.5557282019071792
Fcrls,-0.024937707360867645
Fdps,0.03430457767494599
Fdx2,0.5191498319953847
Fdxacb1,-0.3615838689056546
Fdxr,0.2128937724195778
Fem1b,-0.3697877270922304
Fem1c,-0.2788579235262068
Fen1,0.274886573988815
Fer1l5,4.436760020218759
Fermt2,-0.27787935070020925
Fezf1,0.11888891517466071
Fgd3,-0.6090256553481022
Fgd4,-0.1756769002386045
Fgd6,-0.32784406451972536
Fgf10,-0.3609884107866389
Fgf11,0.2299299173477265
Fgf12,-0.26365199982165916
Fgf13,-0.33249950219809365
Fgf14,0.2662071978106639
Fgf2,0.04292166204163331
Fgf22,0.8370487492662932
Fgf23,1.0080112995541533
Fgf2os,2.9697252602121305
Fgf7,0.7116328360135442
Fgfbp3,0.365292098521841
Fgfr1op,-0.2940877952045758
Fgfr1op2,-0.043230177233273194
Fgfr2,-0.4837855028047255
Fgfr3,-0.050579436889391635
Fgfrl1,-0.33025052928365534
Fhl1,-0.25522239143068604
Fhl2,0.35485854158464963
Fhod3,-0.0006892358849718005
Fibp,0.22438821745074594
Ficd,-0.2323436391458338
Fign,-0.09412351586692891
Filip1,0.133096152862938
Filip1l,-0.4639932433466222
Firre,0.294618587049486
Fis1,0.49159693392727744
Fiz1,-0.2692041184527581
Fjx1,-0.0986494836142472
Fkbp14,-0.2801749853938086
Fkbp1b,0.45036496115794283
Fkbp2,0.5283965754533441
Fkbp5,0.8321640859125017
Fkbp8,0.054222702387178044
Fkbpl,0.2352122844294187
Fkrp,0.05287428760140306
Fli1,-0.5027909981378961
Flicr,0.7781078782597817
Flna,6.665944374236166
Flnb,0.3457482693253237
Flot1,0.41092103725358786
Flot2,0.2258342559447454
Flrt1,-0.03575766116477394
Flrt2,-0.3759736296351753
Flrt3,-0.3280583850030867
Flt1,-0.3641968552784411
Flt3l,0.3273360397533415
Flvcr1,-0.4410765174893142
Flywch1,0.2433410056505413
Flywch2,0.5932045549062606
Fmc1,0.6422065099922768
Fmn1,0.011380564876847216
Fmn2,0.015741372189160385
Fmnl2,-0.22301748230544596
Fmnl3,9.294806237303957
Fmo2,0.6264491742204048
Fmo5,-0.9723575272648243
Fmr1,-0.1569886088595944
Fn3k,0.3410199125917795
Fn3krp,0.3098444752469167
Fnbp1,-0.2371903426924021
Fnbp1l,-0.3436576044798114
Fndc10,0.27826736216421416
Fndc3a,-0.42698700129064715
Fndc3b,-0.29998479080969653
Fndc4,0.35593906107614054
Fnip1,0.2172020150612723
Fnip2,4.443245754245111
Focad,-0.2010624810116537
Folh1,0.2136662169695852
Fos,-0.26065123239177157
Fosb,0.05089911275349718
Fosl1,0.6657723636189593
Fosl2,0.7370593710031859
Foxb1,-0.8629698007561438
Foxg1,-0.2404099372349706
Foxh1,0.5441540788399547
Foxj3,0.020914222322985745
Foxk1,0.11612203674041159
Foxn2,-0.16129135838035485
Foxn3,-0.21846916345628944
Foxo1,-0.27958960155643237
Foxo3,-0.06242315897351165
Foxo6,-0.6441259683347638
Foxp4,0.3462963338703185
Foxred1,0.2897279013321137
Fpgt,-0.3207209220846188
Fras1,0.4290991418336195
Frat1,0.13293108000961024
Frat2,0.5519393361522604
Frem2,-0.5936652840039194
Frg1,0.35380137189420713
Frmd4b,-0.14539281351551372
Frmd6,-0.2646610260290314
Frmd7,0.3511716536157653
Frmd8,-0.2535624001013117
Frmpd1,-0.204625887025108
Frmpd3,0.3711636392010767
Frmpd4,-0.08689498931086419
Frrs1l,0.2001749759282096
Frs2,-0.11035325345338746
Frs3,0.28618846890793703
Fry,0.10349487438211118
Fryl,0.262155145412057
Fsd1,-0.3290775008142393
Fsd1l,-0.4278911112812999
Fsip1,0.5331494208206908
Fstl4,0.04792792137126071
Fstl5,-0.2752965580246038
Fth1,0.4108361095445973
Ftl1,0.45274117291972743
Ftsj3,0.3098541354676413
Ftx,-0.33299884539863833
Fubp1,-0.2772563125799268
Fubp3,0.3215819004981145
Fundc1,-0.3175952217770956
Fundc2,-0.27575577815008395
Fuom,0.2834283990155381
Fus,0.8624742285256264
Fut10,-0.2159458255616374
Fut8,-0.3112209403872031
Fut9,-0.31754034874191
Fuz,0.32602288584923267
Fxr1,-0.23089505321104353
Fxr2,-0.3094359095252421
Fxyd1,0.5300359875128102
Fxyd2,0.6697997630761009
Fxyd5,-0.2731682181390722
Fxyd6,0.3160756328589574
Fyb,0.3661867480428528
Fyb2,0.3536444071540704
Fyco1,-0.1130182725068794
Fyn,2.260464333866312
Fyttd1,-0.30996411970970933
Fzd10,-1.0184063084345816
Fzd2,0.3873686339205445
Fzd3,-0.16396340021764372
Fzd5,-0.4895371822184721
Fzr1,-0.2622223482658832
G0s2,0.4112196163536741
G2e3,-0.17911754995084359
G3bp1,-0.21202603920000002
G630016g05rik,0.7189590969426828
Gaa,-0.2055758556376217
Gab1,-0.4917396221858954
Gabarapl1,0.46024895509714814
Gabarapl2,0.4623677952
Gabbr1,-0.3614188804217063
Gabbr2,-0.1194022239197496
Gabpa,-0.32584568782818585
Gabpb1,-1.4010012725249053
Gabra1,-0.3478860489977006
Gabra2,-0.37025338794176893
Gabra4,-0.3094100077160839
Gabrb1,0.2014957685096054
Gabrb2,-0.1254436339521995
Gabrb3,-0.2681917803504522
Gabrg1,-0.43875537227846045
Gabrg2,-0.3386142115070497
Gabrr2,0.6584568518234016
Gad2,-0.270160876995335
Gadd45a,-0.2461926737
Gadd45b,-0.225580276
Gadd45g,0.572181953637053
Gadd45gip1,0.3497612134260518
Gal3st3,-0.3748323872129512
Gale,0.2890984667503282
Galk1,0.5086093251994432
Galk2,0.26938692038329104
Galm,-9.489599865623925
Galns,0.2236460934661176
Galnt1,-0.3075346833613438
Galnt10,-0.301342171268888
Galnt13,-0.34059749645294196
Galnt15,0.64212425114829
Galnt17,-0.001190235821746849
Galnt18,-0.3129055257520629
Galnt3,-0.3133914554419088
Galnt4,-0.4253895217851767
Galnt6,-0.2668270233075172
Galnt7,-0.2940270557151284
Galnt9,-0.3178593606827027
Galr3,-0.675211934798528
Gamt,0.6310938629780138
Gan,0.8400645589434586
Gapdh,0.2517734668067053
Gapvd1,-0.2024552852994899
Gar1,0.39673213242954425
Garem1,-0.009401465131016917
Gas1,-0.3469766930721459
Gas2,-0.08088484529862164
Gas2l1,-0.399698320918685
Gas5,0.6212226132561112
Gas8,0.30238815459681523
Gata2,0.4343375612498421
Gatad1,-0.230085795175
Gatad2b,-0.22476192110374296
Gatd1,0.2173324008203662
Gatd3a,0.4312190007570348
Gatm,-0.305574438240025
Gba2,-0.2039102361547521
Gbas,-0.37224178915
Gbf1,0.00042752367770775013
Gbp10,-2.6328645570802567
Gbp2,0.5197564242
Gbp3,0.46143560567499997
Gbp4,-0.5947873231507134
Gbp5,0.4841147207893827
Gbp7,0.36443210764521206
Gbp9,-0.20915250143486827
Gca,-0.1962508885074658
Gcat,-0.3614178034252714
Gcc2,-0.2607277738676052
Gcdh,0.2748498926396167
Gck,0.6422760635868274
Gclc,0.2065936722551584
Gclm,0.2616888604180652
Gcnt7,0.9726686102258498
Gcsh,0.289978462011388
Gdap1,-0.2877815900033029
Gdap1l1,0.1058824333218241
Gdf1,-0.12875169953465784
Gdf10,0.3485333010800902
Gdi2,-0.26777915383366235
Gdpgp1,0.2531413213160753
Gemin2,0.3870421671445534
Gemin5,-0.26245135085048
Gemin7,-0.2054530032615794
Gen1,-0.4526503859364258
Get1,-0.2321701489783145
Get3,0.2885679280374644
Gfer,0.243700487216859
Gfod1,-0.014708401124414267
Gfod2,0.2561639237714513
Gfpt1,-0.09452280207679443
Gfpt2,0.301412908882369
Gfra1,-0.2094403608788399
Gfra4,0.2061180138625718
Gga3,-0.07273348602321507
Ggct,0.25786571823493015
Ggcx,0.2014840817426121
Ggh,-0.34281658061571163
Ggnbp1,0.5027796433991488
Ggnbp2,0.2361853088732917
Ggps1,-0.2846246840802177
Ghrh,0.5066416643881543
Ghsr,0.6886637880523995
Gid4,-0.2156088177582491
Gimap6,0.5225014859222261
Gimap9,1.271438937665376
Gins4,0.3325387041418773
Gipc1,0.05345214438627869
Gipr,0.3395633393933946
Git1,-0.3592192558279371
Gja1,-0.22356655078535864
Gja4,0.3108908206088361
Gjb1,0.2888520341034608
Gjb2,0.7022713246022227
Gjc3,-0.7827153871991657
Gjd3,0.7452140712763471
Gk,-0.3279074324224662
Gkap1,-0.1534901256
Glb1l,0.2544267681805462
Glb1l2,-0.4567901765334649
Glcci1,-0.15674183420154975
Glce,-0.2033336779270292
Gle1,0.2578563496
Glg1,0.209395412628582
Gli2,-0.12538139754097455
Gli3,-0.29575322244157887
Glmn,-0.05658814469252632
Glp1r,-2.2692409992255014
Glra1,0.7928316359384857
Glra3,-0.549113375949415
Glrb,-0.3453243728216492
Glrx,-0.200390437375637
Glrx5,1.0828227388516172
Gls,-0.34144653709089384
Gls2,0.22327472465
Glt1d1,0.40491573204816994
Glt8d2,-0.343149572559323
Glud1,0.7856806674722964
Glul,0.36007420199527995
Gm10010,0.7404894000967182
Gm10030,0.9282403515840532
Gm10033,-0.3103560361066604
Gm10076,0.058337332180003545
Gm10095,0.3357977867557838
Gm10123,-0.2433492801292229
Gm10138,0.6056488987497972
Gm10145,-1.912975658013021
Gm10157,-1.565191412822603
Gm10175,-0.4197437325961407
Gm10209,1.41551332202234
Gm10221,0.2639701683922336
Gm10224,-1.6900102072189913
Gm10226,-1.337370131879167
Gm10336,-0.2345914444840497
Gm10353,0.2587339790425247
Gm10382,0.9184993878548371
Gm1043,0.20719041628806728
Gm10432,0.4019380270182184
Gm10509,-0.47195904404489375
Gm10524,0.4074829054660873
Gm10561,-0.4371109601830856
Gm10644,-0.5391993195350606
Gm10654,0.3366538909379531
Gm10698,0.4978082135239113
Gm10762,-0.5930393266139852
Gm10840,0.634242621785377
Gm10874,-0.9410969106183715
Gm10910,1.2283321721163087
Gm11175,0.3514171342527136
Gm11419,0.3610333100619274
Gm11478,-1.2463570900042882
Gm11532,0.75128572112533
Gm11592,0.991410152782866
Gm11655,1.6236732719806046
Gm11703,-1.8172180289532085
Gm11725,0.7046206843290993
Gm11750,1.1137112138112384
Gm11762,0.6881896107083727
Gm11767,0.2300808209158095
Gm11769,0.6394378557046827
Gm11837,0.4951117511769541
Gm11872,0.6668182117041851
Gm12070,-1.3508329764246174
Gm12144,9.992370468830805
Gm12174,-1.4664068506910715
Gm12227,1.788463337674064
Gm12326,0.8918751495692394
Gm12350,-1.6055290153669093
Gm12657,-0.6178675077057606
Gm12669,-1.4586515359954333
Gm12693,-1.002465723370007
Gm12696,-1.0417992555898905
Gm12701,2.131208016246134
Gm12709,-0.7726476528653078
Gm12743,0.7237554625819512
Gm12816,-1.5272046391470346
Gm12827,1.4311766340027865
Gm12843,0.632970970188825
Gm12918,0.384984785076284
Gm12940,-0.3757349170716221
Gm12966,0.5369702422851852
Gm12992,0.3521116549919612
Gm13262,-0.6228358438749004
Gm13363,-1.6829916960060014
Gm13375,0.4202883610747914
Gm13404,1.2664842253879232
Gm13446,0.5213650324133423
Gm13707,-0.09738790020440863
Gm13748,3.0966504105257004
Gm13830,-0.6371841833852075
Gm13889,1.7065786916624617
Gm14164,0.5887778864258478
Gm14168,9.771276416934027
Gm14169,0.27176688013201433
Gm14279,-1.1746529542856374
Gm14285,0.4429332536675212
Gm14295,-0.037286638348465045
Gm14296,-1.3727857335351752
Gm14305,-0.4275428987438695
Gm14325,0.3926727031021252
Gm14326,-0.4595708203703457
Gm14372,0.5805755532833741
Gm14377,1.5067310168471426
Gm14393,0.07972568291416116
Gm14399,-0.5284758401110832
Gm14403,-0.3725793987524731
Gm14539,-0.6506560724586099
Gm14569,-0.5629170604633603
Gm14636,1.5775328395810158
Gm14681,-0.9972102199568753
Gm14827,-0.010170292200234049
Gm15122,-0.4128999460817177
Gm15246,-0.3546126453897952
Gm15337,0.6942245637638916
Gm15344,-0.577519513359813
Gm15351,0.6915948885154043
Gm15411,0.4785447428813069
Gm15417,0.7662432632480146
Gm15418,-0.5798000684568342
Gm15421,-0.3288671119559133
Gm15455,-1.5207953535249321
Gm15478,0.7183220962917547
Gm15500,-0.2220739225218171
Gm15545,0.7783820755923461
Gm15609,0.5114774588569918
Gm15627,0.8969581539271135
Gm15651,1.742223788109128
Gm15663,-0.2771135785660946
Gm15666,-1.2223887987809257
Gm15682,-1.0311182704920396
Gm15689,-1.286755693600736
Gm15706,0.4778465009904659
Gm15738,1.613479716353954
Gm15743,0.9406630103770152
Gm15772,-0.5972453432379203
Gm15832,-0.533081739694339
Gm15834,-0.5112896115682162
Gm15860,0.5394171129954839
Gm15912,0.766259772535296
Gm15918,0.9061238870446422
Gm16008,0.3114235735221972
Gm16054,-0.8617406974674005
Gm16183,-0.4716326042219127
Gm16206,0.9418029728559031
Gm16364,0.6016377515455711
Gm16378,0.7313837906175134
Gm16386,-0.6212074824645419
Gm16485,-0.35843794302850385
Gm16536,-0.3409961484460268
Gm1673,0.3767925163196264
Gm16796,1.4700840919272296
Gm16867,0.5545338869290212
Gm16982,-0.6573102015442429
Gm17018,0.2043749977277968
Gm17039,-0.9091083254655709
Gm17066,-1.2379865174835472
Gm17112,-0.3819378971997894
Gm17344,0.948673406366297
Gm17477,-0.7658887997171518
Gm17501,0.7222939571010968
Gm17586,0.5681921288676604
Gm17750,0.9212613485741178
Gm17922,0.722597041649282
Gm18609,0.5926527822910088
Gm19026,0.575791688190088
Gm19378,-0.706918718954352
Gm19410,0.336160104213595
Gm19412,0.7991078291360159
Gm19426,0.3718375850708715
Gm19439,0.6517856083482721
Gm19500,0.14145114180542948
Gm19522,-0.7345702492428281
Gm19605,0.7664574391548363
Gm19835,1.0640766727926163
Gm2000,0.012848158491689798
Gm20008,-0.5849078688806426
Gm20045,0.005693170031505712
Gm20056,-1.5167678896930428
Gm2011,-0.2556228470814081
Gm20208,0.4630544251631511
Gm20300,-0.22938298542405866
Gm20346,0.0697965748326463
Gm20387,0.446938859142132
Gm20427,0.4612749384527545
Gm20458,0.3197225822710822
Gm20559,0.7557075653481955
Gm2058,0.6352457895716809
Gm20594,1.319542496605429
Gm20604,-0.416995253904052
Gm20642,-1.5128233079161155
Gm20712,-0.5962074050046297
Gm20716,-0.29217051782043585
Gm20939,-0.814172162456294
Gm21093,-0.3185739651467038
Gm21119,1.3462232860401364
Gm2136,-0.3562240790450908
Gm2137,0.4755056766242286
Gm2164,-0.4459057125208036
Gm2192,-0.7656080219307815
Gm21955,0.08829342719798383
Gm21984,0.1286650018624215
Gm21986,0.031734174703397955
Gm22009,2.1852619787805287
Gm2237,-0.4848469213412892
Gm22513,0.6305100893691146
Gm2415,0.2173907153174194
Gm2423,-0.2822429430589662
Gm2449,-5.781763755981419
Gm24564,-0.8568681059395665
Gm24601,0.5838558237896414
Gm2464,0.7922808047205782
Gm24966,-0.5083479223395287
Gm25640,-0.8530101223410721
Gm26520,2.427581295132931
Gm26549,9.962407825965352
Gm26592,0.3156570665740764
Gm266,-0.6433599799467142
Gm26644,0.4225886247679361
Gm26679,0.8021942797740257
Gm26691,-1.7661825845689476
Gm26728,0.7688901477375775
Gm26777,0.2730707949271303
Gm26782,0.14497943108349112
Gm26808,2.267590951209894
Gm26876,-1.111739340341416
Gm26885,-1.146142101435432
Gm26908,0.5330748402075295
Gm26911,1.1688439402197912
Gm2694,0.778624642682337
Gm26944,-0.5274261562783069
Gm26947,1.0972602324433418
Gm27042,-0.5246442815934924
Gm27151,0.541884815778706
Gm27199,0.7753398945686328
Gm27242,1.6913067787632112
Gm27252,0.02000615799770694
Gm28035,0.597142179008758
Gm28042,-0.3868361399252066
Gm2824,-0.2896722125393049
Gm28364,-0.4335051241796263
Gm28370,-0.6283424457040346
Gm28437,-0.208247372495017
Gm28609,1.8830079519936351
Gm28941,-1.0899431428166435
Gm29216,0.02533970697123694
Gm29667,1.7877652452277166
Gm29674,0.7047081188684491
Gm29695,-0.396478738088039
Gm29808,-1.9085212410499808
Gm29901,1.5367827350989007
Gm30015,5.193754902949749
Gm30054,0.4689632164083533
Gm30067,1.875366133485579
Gm30110,0.8872572088736314
Gm30122,-0.523926644636837
Gm30149,2.4149915283870755
Gm30177,0.2402300951142353
Gm30181,-1.4566029989663865
Gm30233,0.7973680324229726
Gm30238,0.47272298945710245
Gm30421,-0.3883254093106493
Gm30466,-0.48263900951833416
Gm3052,-0.3869307568041119
Gm30529,0.6062856037803411
Gm30541,0.4411835450134226
Gm3055,0.5034316869689077
Gm30575,2.829268502851138
Gm30583,0.9673733305594376
Gm30735,3.4947165681093466
Gm30873,-0.8874364377284808
Gm30875,0.8342572615528336
Gm30908,0.7256234747580702
Gm30934,-0.2493555541732419
Gm30970,-1.7566161151157114
Gm31024,0.7365004703675588
Gm31047,-1.145524789963355
Gm31107,1.1733284292419606
Gm31127,1.3272726858111443
Gm31159,0.7966719904657145
Gm31255,-0.2813468416450121
Gm31262,0.9768061643334194
Gm31282,-0.3120437008705935
Gm31290,-0.7270544892169002
Gm31291,1.406685689122006
Gm31370,0.8008206286398016
Gm31399,2.293279608101726
Gm31406,0.7893526230850154
Gm31513,0.5548721456932215
Gm31522,0.458496300009496
Gm31550,-1.0239728589476633
Gm31595,1.316382215785216
Gm31606,0.8551985488264138
Gm31613,1.7601235573802831
Gm31623,1.3318758640106858
Gm31725,1.6353865823449933
Gm31728,0.8674195533241853
Gm31734,0.9750843567456166
Gm31796,0.8352383049481753
Gm31816,0.8655674020249292
Gm31834,0.9260635545076572
Gm32059,0.9504580932566109
Gm32091,1.3538280965314389
Gm32124,1.4820036199865558
Gm32139,0.8251124985785636
Gm32234,0.7034233284821578
Gm32261,0.5976383313542635
Gm3227,-1.897305312256933
Gm32275,0.4518229615141091
Gm32282,1.068539387111302
Gm3230,0.4799341418928135
Gm32309,0.7692839268594215
Gm32335,1.6746160595508215
Gm32370,1.2935798836643364
Gm32385,2.7803682736098194
Gm32404,0.36355423002762344
Gm32444,-0.6411829592621102
Gm3248,-0.4679654319341444
Gm32483,0.3079664195562662
Gm32497,2.130917111156048
Gm32509,1.3423144230476327
Gm32528,0.6143002896398494
Gm32574,0.731906300600567
Gm32604,0.4742972778071179
Gm32643,-1.238120305191769
Gm32661,0.6068118164251677
Gm32768,1.1497731915814415
Gm32771,-2.0865999161261835
Gm32790,0.5707229733550152
Gm32807,2.299960526054304
Gm32810,0.8031628026836792
Gm32847,-0.5155602814637492
Gm32896,1.6839863293326185
Gm32960,1.3020766505880759
Gm32970,0.49120672069408516
Gm32980,1.5529678217264065
Gm32994,0.7967751552006475
Gm33050,1.4590387886952807
Gm33159,1.4045350338065126
Gm33190,0.7412009070934574
Gm3325,-0.4225132179001324
Gm33250,0.4422066238045602
Gm33320,0.25735851218501327
Gm33361,1.190493057082491
Gm33413,4.827985437796611
Gm33449,1.26154775255173
Gm33578,0.09547596099669631
Gm33581,0.7392984266659652
Gm33585,1.3356200960564903
Gm33617,0.7315224796087206
Gm33649,0.9098232649661672
Gm33724,4.042641355750642
Gm33727,1.8474557801514029
Gm33746,0.3079875431253192
Gm33763,2.347112975960891
Gm33851,1.6210372882438318
Gm33856,0.6906654336386534
Gm33862,-0.5676989555601778
Gm33937,0.5390019830874706
Gm33989,-0.32764279736963664
Gm34057,1.0108438617685103
Gm34081,1.1249746917374444
Gm34110,0.5218995014351944
Gm34232,1.3037925206758538
Gm34267,0.7737019676051013
Gm34283,1.5596706710786843
Gm34299,0.9778362696478924
Gm34305,0.3312297528323802
Gm34321,-0.1765497236164697
Gm34375,1.1641792399836026
Gm34466,0.6538853194514528
Gm34561,2.2465378525215254
Gm34608,4.970976156604671
Gm34686,0.5153492041514558
Gm34755,1.6559974596023368
Gm34776,0.5721446648627888
Gm34795,0.3894526168409982
Gm34861,0.6497815171230882
Gm34865,-1.816776377011175
Gm34872,0.6852917045135952
Gm3488,-1.6963425080056798
Gm34939,-0.2626909916064538
Gm34945,-0.9126052471978044
Gm35081,0.9706877235956424
Gm3510,-0.4418472826829794
Gm35315,-0.7383470245231116
Gm35365,1.1584028563220887
Gm35531,0.7104986333485226
Gm35558,0.3942763079886008
Gm35574,1.5455491776702996
Gm35679,1.3121824885215625
Gm35685,0.7263657952455378
Gm35782,0.6439736493926962
Gm35857,-1.7282890443579508
Gm35908,0.9979569837421596
Gm35956,1.1560823984669892
Gm35997,3.892217976820685
Gm3604,2.057106171147813
Gm36077,1.5878109516391783
Gm36109,0.4943596750741928
Gm36117,-0.2851214690261634
Gm36118,0.7761455243003015
Gm36127,0.8380156772154026
Gm36129,1.0709140866437912
Gm36166,0.7349819367965671
Gm36198,1.5263835542872597
Gm36210,-0.5750522218494055
Gm36331,0.877679805335531
Gm36356,0.5641913024118863
Gm3636,-0.6255579527235828
Gm36375,2.002131085411257
Gm36402,1.2418909639928146
Gm36416,1.8855829494677097
Gm36423,0.3967492844016729
Gm36459,1.688764830204821
Gm36500,0.5394475556331616
Gm36572,0.4280464994245761
Gm36587,1.828654953278256
Gm36634,2.5994927429148085
Gm36661,-2.0080624182353466
Gm36677,1.2157680202344647
Gm36693,1.1638414726229371
Gm36715,1.5635402442045934
Gm36798,0.5612759435239195
Gm36855,0.8726279373906842
Gm36936,-0.3587278663672798
Gm36989,-1.656140610321151
Gm36995,-0.18032913321438915
Gm3704,0.6223019383773178
Gm37056,-1.294409704109711
Gm37069,0.6903181992268851
Gm37090,0.315609340996194
Gm37127,-0.5233765070218186
Gm37181,-0.9002522380273291
Gm37233,0.748883861816684
Gm37254,-0.5164682169173449
Gm37292,-0.6859830974771359
Gm37305,-0.4114778813570714
Gm37345,-0.7614911739442474
Gm37397,-0.6386945155499725
Gm37494,-0.4609968652404893
Gm37499,-0.6059672327764759
Gm37500,1.0616040691499355
Gm37691,0.3345972724412872
Gm37696,-0.6134163571146114
Gm37755,-0.9934394620418096
Gm37768,-0.3887196690666823
Gm37773,-0.762289095124621
Gm37941,-0.707536333298887
Gm38020,-0.5843270317252472
Gm38104,-0.9497364878599122
Gm38253,-0.9293772200256938
Gm38372,-0.5814221158489216
Gm3839,-0.3879959894186651
Gm38393,-0.8905136872954078
Gm38396,0.4755739878999078
Gm38413,0.6245452351333511
Gm38451,-0.8891352670163744
Gm38485,1.750120601625203
Gm38501,1.594089613787739
Gm38514,3.268324448413356
Gm38553,-0.1636659982752707
Gm38562,-1.1031431876902462
Gm38563,1.65660849430306
Gm38585,-0.4831968551774151
Gm38618,0.3409291361993695
Gm38653,0.9762960748362336
Gm38660,3.326450017271857
Gm38678,1.830601282799185
Gm38733,0.6373753330543073
Gm38785,0.9818278129036746
Gm38863,0.5300844864552632
Gm38882,1.228164062264792
Gm38900,1.6333871202254373
Gm38931,-1.180479291977411
Gm38935,1.1318798200403404
Gm38952,0.3689966877002809
Gm38972,1.5776765048349684
Gm38973,0.40594286149951625
Gm39003,0.7699291643684306
Gm39038,2.337306581342041
Gm39090,0.8002556213906092
Gm39173,1.53070815720835
Gm39215,0.9002360568353607
Gm39272,2.44231676492815
Gm39326,0.955348814556218
Gm39348,0.8440743826084708
Gm39362,1.4211449279619812
Gm39426,2.514770444770526
Gm39439,0.7367635265068085
Gm39443,1.7220279144725201
Gm39450,1.8535514106238014
Gm39469,-0.3562220910865878
Gm39483,0.5488319387229369
Gm39507,1.5128593739367304
Gm39628,2.3535483443207377
Gm39642,2.443118419158399
Gm39669,1.0504204769001784
Gm39673,0.5007678397675184
Gm39752,1.3412609974686378
Gm39885,-0.5810146564659467
Gm39918,0.3994191055437487
Gm39941,1.8986804857059103
Gm39952,1.8507635951603432
Gm40055,1.2256308212128588
Gm40167,0.9168151180416507
Gm40231,1.6471451893424371
Gm40233,1.0686783096972658
Gm40258,1.6384003474334032
Gm40302,0.6454153443101373
Gm40309,0.7269891754297111
Gm40332,0.37913116686331927
Gm40346,0.7985465663446389
Gm40462,-0.3965805348647382
Gm40476,0.731375541553313
Gm40523,1.281257312660384
Gm40537,1.6456313037685606
Gm40578,-0.6702473938381865
Gm40647,-2.6041513815971444
Gm40713,0.6017048891967471
Gm40780,2.087926230847244
Gm40855,-1.5527068073594146
Gm41018,0.6107918531135406
Gm41039,-1.2771818936476138
Gm41096,1.035672735592008
Gm41113,1.4144493173215915
Gm41114,1.7464556419137829
Gm41176,2.350881108179486
Gm41349,0.7591458968572418
Gm41350,0.9779227362141822
Gm41352,1.073555152752459
Gm41409,2.4575913672566614
Gm41414,1.3105684536376894
Gm41461,1.9935706122740795
Gm41498,4.012174066742117
Gm41590,1.013996091185301
Gm41603,1.2532928104435452
Gm41608,0.8655836520580357
Gm41609,1.786647446669889
Gm41610,4.081086649876357
Gm41662,-0.4118177972742908
Gm41694,3.944800005958072
Gm41756,-1.843725822598013
Gm41810,0.6336057341994537
Gm41848,-0.435779778130067
Gm41861,-0.5102818781761895
Gm41901,1.178946343089042
Gm41920,1.566865520422708
Gm41949,-0.8710992880264301
Gm4199,-1.5622407415278832
Gm4202,-0.4557040734127909
Gm42020,1.3072827897715298
Gm42031,0.6231028834330914
Gm42067,0.7939718863147281
Gm42274,0.6585219725599952
Gm42281,0.6735551715710353
Gm42338,1.7546276155402354
Gm42339,0.553907626516866
Gm42378,1.2545895821278088
Gm42456,0.9570572734800495
Gm42463,-0.6575063468085325
Gm42528,-0.5816197132681812
Gm42547,-0.643387187997426
Gm42595,-0.5999708198658878
Gm42664,-1.0734174046997182
Gm42688,0.2730080593110021
Gm42715,-0.6347714277642906
Gm42732,-0.3889891981177374
Gm42742,0.2309680044795053
Gm4285,0.4293224478374952
Gm42970,0.7174055391001638
Gm42979,-0.2800185617295196
Gm43031,-0.8053044591128597
Gm43039,-0.6010314758014741
Gm43059,-0.7082588947016915
Gm43140,-0.9352911717527164
Gm43268,-0.4902839341935722
Gm43380,-0.6368754820871744
Gm43437,-0.5072945359625939
Gm43668,-0.5253764508260562
Gm43843,-0.7521375940166785
Gm43857,-0.8171719965763601
Gm44026,1.1568259988652587
Gm44103,-0.4577910182622623
Gm44256,-0.6886797073855937
Gm44504,0.2528433426619232
Gm44509,-0.3846444155904301
Gm44559,-1.146800017609786
Gm44616,-0.5778212056702468
Gm44623,-0.8368518998236757
Gm44644,-0.6835203369769919
Gm44667,-0.8231431630413987
Gm44742,-1.1208388208514506
Gm44777,-0.4891902572760555
Gm44830,-0.8660108905435465
Gm44831,-1.2699946603541716
Gm44846,-0.8932989372800086
Gm45062,-0.3700648695388095
Gm45110,0.5917467034430943
Gm45234,0.3915575820771675
Gm4532,1.0912749696665744
Gm45606,0.264106733703445
Gm45694,0.3986988407096791
Gm45769,-0.5989830277815981
Gm45869,0.5482215053906223
Gm45871,-0.02003920384968577
Gm45971,0.4188419816729107
Gm45998,1.7751913548352798
Gm46060,1.813722335963015
Gm46091,0.6326873572302086
Gm46110,1.5871988247676412
Gm46113,0.7590727475880137
Gm46122,1.2969173446668307
Gm46171,1.892648168581612
Gm46174,-0.6663123943864799
Gm46202,1.557959789211167
Gm46206,-3.2541985665465427
Gm46207,2.5475171784564568
Gm46265,1.0246266001465862
Gm46272,0.4545341424497555
Gm46287,1.5269261208388436
Gm46289,0.8787037060123728
Gm46294,1.7414594272083963
Gm46358,0.6668453658881905
Gm46367,0.888549952015015
Gm46406,0.5090865544180135
Gm46412,2.347912957999822
Gm46416,0.6540756343147641
Gm46430,-0.1532167494451192
Gm46548,-0.9846911600104736
Gm46591,-0.6772691943084869
Gm46658,0.5940395975110159
Gm46732,0.9191548096618368
Gm46735,-0.5952967149792955
Gm46809,0.8977274249912532
Gm46810,1.865520772560393
Gm46825,0.9140264162582376
Gm46830,-1.5233365866798159
Gm46872,1.0444404385861423
Gm46878,-0.5412431161571052
Gm46899,1.573700355559416
Gm46928,1.921426344168579
Gm46949,2.460094283079109
Gm47033,-1.0819567676582098
Gm47135,0.4141308419727316
Gm47483,-0.4236177746017232
Gm4750,-2.305952469482446
Gm47982,-0.8507773124278034
Gm48482,-0.8350829874641047
Gm48551,0.298384204743933
Gm48604,-0.2186481127941006
Gm48623,0.7302202281095759
Gm49066,0.5775339430555527
Gm49085,-0.5522756798290829
Gm49204,-0.7798286033380872
Gm49208,-0.3277699945739281
Gm4924,0.4143804161679612
Gm4926,1.2762270135326166
Gm49327,0.2161830247217524
Gm49331,-0.771762855111746
Gm49336,-0.5910110610742609
Gm49353,-0.4777719563977013
Gm49396,-0.31423309896925333
Gm49405,-0.3529637866453664
Gm4951,1.0803337307837608
Gm49602,-0.3412491491496201
Gm49654,-0.024900091771362154
Gm49797,0.2609556973043858
Gm4988,-0.2836731014686378
Gm49883,-0.5214215273665225
Gm50010,-0.556930604159278
Gm50107,-0.034314317440178405
Gm50152,-0.6329620896170398
Gm50270,0.592700730470809
Gm50462,-0.5990586241251271
Gm50490,-0.6712211130171519
Gm50599,1.0004247225144929
Gm5069,-0.3465558284988736
Gm5088,-1.0506196286390261
Gm5141,-1.4151153403382577
Gm51419,1.07528193030685
Gm51425,-0.3949345075013432
Gm51446,2.777115782322386
Gm51452,0.4981815603633017
Gm51455,-0.9959775569921224
Gm51476,3.826597010233978
Gm51491,-0.9155916870434212
Gm51531,1.0100408219623886
Gm51535,0.6660987247923951
Gm51544,1.085429287466668
Gm51554,1.5955729711286122
Gm51555,2.2473822163845663
Gm51556,0.759580249861576
Gm51558,1.5919667088163911
Gm51568,2.020914213972552
Gm51579,0.46836568414324403
Gm5165,-0.7247143143632993
Gm51666,-1.2704590931288235
Gm51670,1.3734376602824458
Gm51671,1.6225129888915053
Gm51702,1.8586053806963512
Gm51744,1.0685096283860456
Gm51770,1.8611756730644748
Gm51782,0.8465986517465628
Gm51801,0.3965193973004354
Gm51810,-0.5746972677967007
Gm51811,0.7886892275743796
Gm5182,-0.8154126806148844
Gm51857,0.99072728907819
Gm51877,1.1538290990106672
Gm51886,4.89486924650294
Gm51891,1.4410164210483605
Gm51897,2.1108290210587697
Gm51905,1.094644168332598
Gm51910,-2.6466788520444062
Gm51929,1.91835043790781
Gm51963,-1.5619410194990155
Gm51971,-1.2226503730945322
Gm51999,2.4297375195564435
Gm52009,0.8575461432743955
Gm52059,-0.501645507596076
Gm52120,2.3169606989222347
Gm52128,1.2319237086858188
Gm52131,1.7355065918911785
Gm52132,0.8611014007378944
Gm52134,0.7178742238314234
Gm52150,-0.4225076126293008
Gm52172,0.4451660814487581
Gm52213,-0.7895786227313696
Gm52229,-1.7131827414392675
Gm52234,1.1150413252204936
Gm52235,2.891870144482348
Gm52285,0.7035999214409997
Gm52294,1.0555061603910527
Gm52296,1.1017527541692749
Gm52316,0.7313401691893375
Gm52320,3.191538349934168
Gm52382,-1.060164164651541
Gm52430,1.319737101017909
Gm52502,2.315620181124813
Gm52504,1.961623602016232
Gm52506,1.154689597699884
Gm52515,3.183835267454344
Gm52528,-1.344490239626686
Gm52529,1.12904582727292
Gm52562,0.392032726987387
Gm52604,-0.1126842516229683
Gm52629,1.128783891305948
Gm52681,0.57952668711533
Gm52692,0.5474826093438353
Gm52697,1.08215664534153
Gm52709,1.7572616495211442
Gm52710,1.4256319162552131
Gm52724,-1.5012005761673968
Gm52815,0.4311729061715972
Gm52818,2.279370691371855
Gm52822,3.136941788663442
Gm52860,0.4696647097282524
Gm52866,1.8393180732185384
Gm52889,-0.3041842104592994
Gm5415,-1.753471262093592
Gm5451,-1.7557422797205793
Gm5499,0.5601316964323672
Gm5532,9.976591389178475
Gm5643,-1.7403192364776603
Gm5801,-2.0383181504501167
Gm5820,-0.8891561755605291
Gm5901,0.7962798507463127
Gm5914,1.3806651912180883
Gm5917,1.849953436235886
Gm6089,0.5753871845959755
Gm6109,-1.1525703413932151
Gm6158,-1.0756639011402065
Gm6306,1.0036324338986713
Gm6402,-2.0223597726368214
Gm6485,-1.513728249836055
Gm6548,-0.8084415409543966
Gm6568,-1.587923539796111
Gm6569,0.6368313447654442
Gm6579,-1.4131182873105974
Gm6625,-1.6075781156949458
Gm6710,-1.0507696467998415
Gm6712,-0.0818099773618744
Gm6750,-1.0828131743271825
Gm6981,0.5067107797593106
Gm7072,-0.36163852133850233
Gm7206,-1.9954845198234539
Gm7240,0.6345428133604512
Gm7276,0.5194314290186867
Gm7292,0.8758331586080615
Gm7334,-1.121256864877652
Gm7353,0.3031408186830063
Gm7429,-1.0049325659535726
Gm7536,0.2940511713117242
Gm7694,-0.345756613877557
Gm8066,0.6361186089377552
Gm8098,0.4974646926285475
Gm8149,0.6121010362094168
Gm8325,0.3864891962954637
Gm8350,1.0824811457137902
Gm8615,-1.0189882571481192
Gm8995,-0.5220776550606104
Gm9199,-1.3999954235063472
Gm9222,-0.2299184868439558
Gm9234,-0.9063012726745812
Gm9385,0.6795409336848137
Gm9567,-0.2795588258063538
Gm973,0.2945391704095966
Gm9734,0.4027888754771043
Gm9748,-0.6720571142754114
Gm9761,0.6515386964612958
Gm9833,-0.5128234508239461
Gm9836,-0.9553090157719102
Gm9839,-2.8870025189195454
Gm9885,0.6350772678086025
Gm9899,0.272598746928652
Gm9917,-7.016259276471629
Gm9925,0.5898066353905224
Gm9946,-1.2681392423268747
Gm9947,-0.5483506995539902
Gm9962,-0.6210346259248494
Gmcl1,-0.3280284154859842
Gmfb,-0.4465261421476032
Gmppa,0.2188453035515319
Gmpr,0.2855553936660124
Gmps,-0.31384262028387006
Gna12,-0.37645939478499735
Gna13,-0.2619666198234379
Gna14,-0.6127112105691475
Gnai1,0.11905970839258269
Gnai3,-0.27508021919303227
Gnal,-0.1204065674282046
Gnaq,-0.25803989252500004
Gnb1,-0.41004384355
Gnb4,0.2617607710530857
Gng13,0.8410319738485231
Gng3,0.2536661812164202
Gng5,0.13839517397143372
Gngt2,0.9891494816858876
Gnl1,0.4266371377538971
Gnl2,0.39688768537499997
Gnl3,-0.22865608605
Gnpda2,0.3156513680382628
Gnpnat1,-0.05863615531222475
Gnptab,-0.150544788367785
Gnptg,0.2022874147162183
Golga1,-0.2329662199170731
Golga2,0.007855359306991952
Golga4,0.2565668149761219
Golga7,-0.14333084453258296
Golgb1,0.2637585108758972
Golim4,-0.2402779109
Golm1,0.2804012354771914
Golm2,-0.2381975015403078
Golph3,-0.32637113961169045
Golph3l,-0.22565144834746445
Gon7,-0.5249693599505166
Gopc,0.424946841825
Gorab,-0.3542244577854354
Gorasp2,-0.0011280599000005054
Gp1bb,-0.06726785495221599
Gpam,-0.1850996217912917
Gpank1,0.27643620685029374
Gpatch1,0.2149661580502738
Gpatch2,-0.202005248206202
Gpatch3,0.40500093582078456
Gpatch4,0.4878665430738526
Gpbp1,-0.3185773945160965
Gpbp1l1,-0.346301324324813
Gpc4,0.4155553783717566
Gpc5,-0.27092473605699785
Gpcpd1,-0.14521051976949478
Gpd1,0.47186299073126253
Gpd2,-0.02857749627684954
Gpm6a,-0.2306953458194732
Gpm6b,-0.3144801952825385
Gpn2,0.20919890943951314
Gpr12,-0.2984611138415619
Gpr135,-0.3395302518
Gpr137,-0.31829034424959174
Gpr137b-ps,-0.27718574240145744
Gpr137c,-0.2880513014367605
Gpr146,-0.3312218277633175
Gpr155,0.2179947002853371
Gpr158,-0.09296167248164235
Gpr160,-0.5844517580892072
Gpr162,-0.08595374080729765
Gpr17,-0.31974740308634053
Gpr176,-0.2257792361540703
Gpr179,5.7057247912872295
Gpr19,-0.2518841176277261
Gpr22,-0.3826021609880627
Gpr27,-0.2276031082994988
Gpr3,0.176281989772576
Gpr34,-0.24155429177431811
Gpr35,-0.4720637009273799
Gpr37,-0.4249767402605243
Gpr4,-0.6602226242674907
Gpr45,0.2373452796577327
Gpr61,0.3568537769194134
Gpr62,2.800624208187632
Gpr68,-0.3547216511633525
Gpr75,-0.3883869202949116
Gpr83,-0.29294832893352624
Gprin2,0.2982447924595521
Gprin3,0.6027180500063042
Gps2,0.3426839684526247
Gpsm1,0.3582857784024051
Gpt,0.3925355866246433
Gpx4,0.21428324404432
Gramd1c,-0.4372793453862401
Gramd3,-0.27950197714469616
Grap,0.5759978262722658
Grasp,0.4501059879464815
Grb2,0.6543567803519524
Grcc10,0.2478300681373149
Grhpr,0.30586070507318425
Gria3,-0.30603760871084396
Gria4,0.2771446002
Grid1,-0.03826253964222981
Grik3,0.27378845740753055
Grik4,-0.03172386169042385
Grik5,4.034661721027036
Grin1,0.3458365343122712
Grin1os,-0.2676656843898569
Grin2a,-0.07778903522092552
Grin2b,0.32005171117562775
Grin2c,-0.5648945692125428
Grin2d,0.2195283525016861
Grin3a,0.2366103480857145
Grina,-0.2956017685566279
Grip1,0.2313345593969409
Gripap1,0.08956653889757606
Grk2,0.2218388901318557
Grk4,-0.3014908558889859
Grk5,-0.2909755594734924
Grm1,-0.4011228729832303
Grm2,-0.3434145359070894
Grm3,-0.12045002871601593
Grm4,-0.47486730299473157
Grm5,0.06821570660056292
Grm7,-0.211027338655041
Grn,-0.24678064520210885
Grp,0.5270548868924713
Grpel1,0.37665611936251947
Grsf1,-0.2507488197217056
Gsap,-0.2924349237012781
Gsdme,-0.40761944627298163
Gse1,0.06631139692613151
Gsg1l,-0.019170158898351553
Gsk3a,0.9609686340286725
Gsk3b,-0.17432550847486886
Gskip,-0.25402155423889483
Gspt1,-0.1769672565883435
Gsr,-0.2105968898619665
Gss,0.3877735824763373
Gsta4,0.2900831288479866
Gstm1,0.383598519011871
Gstm4,0.29897697696638836
Gstm5,0.2236393315046298
Gstm6,0.3907820482620169
Gstm7,0.2509093909432989
Gstt1,-0.2117943690000833
Gstt2,0.8603564411528993
Gt(rosa)26sor,-0.8210289573956397
Gtdc1,-0.2921918340291071
Gtf2a1,-0.3427699851374356
Gtf2a2,0.1996609425918142
Gtf2f1,0.1717466931501313
Gtf2h5,0.39773058124982485
Gtf2i,-0.2316571248679851
Gtf2ird2,1.857019425435522
Gtf3a,0.24284504502757198
Gtf3c1,-0.2011062345052935
Gtf3c3,-0.2592728725121215
Gtf3c5,-0.2182706344839004
Gtpbp1,-0.29422247025
Gtpbp10,0.3176795358246719
Gtpbp3,0.24942526380918015
Gtpbp4,-0.2209542038534463
Gtpbp6,0.3597547099347128
Gucy1a1,-0.2626072718838698
Gucy1a2,0.337574939510709
Guf1,-0.282317591315055
Guk1,0.37104176279182377
Gulp1,-0.7272309503683807
Gvin1,0.3574346424
Gys1,-0.020041870926563607
H13,-0.25200108575
H1f0,0.48624039112936607
H1f10,0.2607355069191011
H2-k2,0.3355361978965443
H2-ke6,0.25765415182011614
H2-q7,0.2448164816
H2-t23,0.5931232780663235
H2aj,0.3452862356980235
H2ax,0.268412924152566
H2az1,0.29435505368998244
H2bc21,7.883084420720194
H2bc6,-0.6472216952629188
H3f3b,0.2613942099314994
H6pd,0.2295744689575636
Habp4,2.109726741520138
Hacd4,0.5638692651308468
Hace1,1.7208327183597534
Hadh,0.26652549251262747
Hadhb,0.13066269915446965
Hagh,0.3029520376943384
Haghl,0.4324287984224625
Hap1,0.274154038299531
Hapln1,-0.37909781054071606
Hapln4,-0.2405940366196966
Hars,0.31260315664029914
Haus1,-0.2361480199044083
Haus2,-0.24910945998777656
Haus3,-0.05304434875683847
Haus6,-0.3262383929458174
Haus7,-0.2779181300189212
Haus8,0.2044804990966023
Havcr2,0.4223918916895751
Hax1,0.3739983404484267
Hba-a2,1.5397912470173345
Hbb-bt,-0.6116934994101577
Hbp1,-0.2455910054320925
Hbs1l,-0.2525452649745429
Hccs,-0.16334954339841784
Hcfc1,0.3107238386900491
Hcfc1r1,0.3095456063428935
Hcfc2,-0.29467941001296943
Hcls1,0.471395981564912
Hcn2,-0.43541226261338806
Hcn4,-0.2525241988684323
Hcrtr2,-0.5048143165311857
Hdac11,-0.01803817337335055
Hdac4,-0.030804319396674246
Hdac6,0.2389140403
Hdac9,-0.3124116601431911
Hddc2,0.1821861362361677
Hddc3,0.2160171678054217
Hdgf,0.22473997737389612
Hdgfl2,0.39052587668445343
Hdgfl3,-0.2701059136621299
Hdhd3,0.4896627279449601
Hdx,-0.6122570043148733
Heatr1,-0.232797950036584
Heatr5a,-0.2752571948333384
Heatr5b,0.17130565140753415
Hebp1,0.6281551515482909
Heca,-0.33343674640481846
Hectd1,0.02388755316534104
Hectd2,-0.36340498865201765
Hectd2os,-0.14131135935254324
Hectd4,0.01852518809095302
Hecw1,-0.0967571072826061
Hecw2,0.02373463594347011
Helq,0.2640823422747392
Helz,0.2125105806961663
Hepacam,0.2566058874168924
Heph,0.388597130773832
Herc2,0.3050759562357589
Herc4,-0.2598734660314925
Herc6,0.3055179375342972
Herpud2,-0.14301895321930178
Hes6,0.4216338808492039
Hes7,0.9016826850403564
Hexb,-0.30052016650907165
Hexim2,0.3757415729980357
Hey2,-0.25477129565
Heyl,-0.3610328434043848
Hfe,0.3063807935920494
Hgf,-0.3288120528093365
Hgs,-0.044682456730105055
Hhat,5.071488098874897
Hhip,-0.40800680462285543
Hhipl1,0.2114661230747985
Hic1,-0.4262615487586606
Hif1a,-0.1755350895193818
Hif3a,0.8990094968985244
Higd1a,0.3598686107782897
Higd1b,0.7607171042097727
Higd2a,0.3392724099676977
Hikeshi,-0.2828414760366426
Hilpda,0.4369085145713166
Hint1,0.27305623986528965
Hint2,0.2619602672604986
Hint3,-0.15814061175117025
Hip1,-0.016804366758095504
Hipk1,-0.3410994903260747
Hipk2,0.3011992831549741
Hipk3,-0.18301078994298692
Hira,-0.2346686808319411
Hirip3,0.32227196064932434
Hist1h3d,-0.28051470695
Hist1h3e,-0.2521345098
Hist1h4k,-0.2036384994
Hist2h3c1,-0.2906122776
Hivep1,0.031511357751281666
Hivep3,0.1929519100309022
Hk1,-0.01692599942429371
Hkdc1,0.4705760430612286
Hlcs,0.2417507137799261
Hlf,-0.3658038121919056
Hltf,-0.2645337618959553
Hmbox1,0.2135608919470628
Hmcn1,-0.7388311057198885
Hmg20a,-0.22970526897454885
Hmga1,-0.4930301686805514
Hmgb1,0.2832461821772779
Hmgb2,0.3188602939645831
Hmgb3,0.6635592563656141
Hmgcll1,-1.0271234422071092
Hmgcr,-0.2184792545702302
Hmgcs1,-0.4325905159402994
Hmgcs2,0.13935260923642698
Hmgn1,0.2047215098539428
Hmgn2,0.2862479861710995
Hmgn3,-0.2014571177103981
Hmox2,0.2746793626663254
Hn1,0.3684372706
Hnmt,-0.345317264387972
Hnrnpa0,0.26784465702360366
Hnrnpa1,0.6211539063782078
Hnrnpa1l2-ps2,-1.0816695718976042
Hnrnpa2b1,-0.21481995390971872
Hnrnpa3,0.3703924829076386
Hnrnpab,1.6373084563441904
Hnrnpdl,0.4098876973117021
Hnrnph1,-0.2261286813154414
Hnrnph2,0.1254649733802882
Hnrnph3,0.49975438494784963
Hnrnpk,0.2178090727433577
Hnrnpll,-0.3557366094197721
Hnrnpr,0.2529035111294853
Hnrnpul1,-0.011515390757861316
Hnrnpul2,0.2836728808793805
Homer1,-0.26661801437016086
Homer2,0.2666149024142832
Hook1,-0.25015110414963726
Hook2,0.26255658069463506
Hook3,-0.2915424598623436
Hopx,0.5273743307642458
Hpca,0.4072173271257493
Hpcal1,0.2096218426579396
Hpcal4,-0.27878467977766136
Hpdl,0.4314531670188141
Hprt,0.1331414285301536
Hprt1,0.3728886882021467
Hps3,-0.1348272815114261
Hps4,-0.2746529317898795
Hr,0.15794002559179335
Hras,0.8743098337772472
Hrh3,0.4267998961701885
Hs2st1,-0.2059183165937514
Hs3st1,0.037186752014704144
Hs3st2,1.2730620319304284
Hs3st4,-0.2571044099755376
Hs3st5,-0.3168553866060956
Hs6st1,-0.3089604185372949
Hs6st2,-0.01865694221326425
Hs6st3,0.09011735993321597
Hscb,0.6230805102579092
Hsd11b1,-0.3532275123882264
Hsd17b10,0.43173790153753067
Hsd17b11,0.3864367400873075
Hsd17b4,0.2196427413411072
Hsd17b7,-0.2704991436865203
Hsd3b2,0.362070220500001
Hsd3b3,1.2039734725992874
Hsdl1,0.3584863738
Hsdl2,-0.2455891922551893
Hsf2,-0.1101007256642136
Hsp90aa1,-0.2277192258190346
Hsp90b1,-0.3126484232619638
Hspa12a,-0.2097477432756195
Hspa12b,6.07317398235558
Hspa13,-0.30323241500870773
Hspa1a,-0.5921610393802869
Hspa1b,-1.2932181819469686
Hspa1l,-0.34926007135224957
Hspa4,-0.2866483033435179
Hspa4l,-0.1106675488804883
Hspa5,-0.2850520245902049
Hspa8,-0.2517847555436001
Hspb1,-0.378845253675
Hspb11,0.3225875405726771
Hspd1,-0.2818580722000003
Hspe1,0.16257009304931622
Hsph1,-0.3064289448948404
Htatip2,0.3478439830387289
Htr1a,-0.098103861563572
Htr1b,-0.3987466312195014
Htr2a,0.4305471266120113
Htr2c,-0.3147142131609258
Htr3a,0.3350632300557814
Htr6,0.5251938139988074
Htra1,0.03624062695457117
Htra2,0.5770813461661771
Htt,0.2489210694317246
Huwe1,0.5405882174265151
Hvcn1,0.3050313758120473
Hyi,0.5754750706179944
Hykk,-0.3186210065842078
Hypk,0.9035968820909732
I920046f24rik,-0.18830499678167853
Iah1,0.3126113736213481
Ica1,0.4080670005985054
Icam4,0.8029060121948876
Ice2,0.3028736010281231
Icosl,0.7201198136110322
Id4,-0.4400816339611752
Ide,-0.3956533003297823
Idh1,-0.2042237722184561
Idh2,0.5364207617500001
Idh3a,-0.2002975562720011
Idh3b,0.3118535368212567
Idi1,-0.27354793876465394
Idnk,0.2149404446258324
Ids,-0.417221372685513
Ier2,-0.2990422780314726
Ier3,-0.2246488379834773
Ier3ip1,-0.12169810044800713
Iffo2,0.09494630016161783
Ifi203,-0.2520366656526862
Ifi27,0.3597162428
Ifi35,0.3034861038
Ifi44,-1.3535886765212135
Ifih1,-0.4482998750426314
Ifit1,-0.3387970813873418
Ifit1bl1,-0.4481781739585938
Ifit2,-0.2356641140079232
Ifit3,0.958800676
Ifit3b,0.4634674851765504
Ifitm10,0.2149298090944508
Ifitm2,-0.4081520842996449
Ifitm3,0.792061481
Ifnar1,-0.2248759948127871
Ifngr2,0.3141459191
Ift140,0.2076372673033123
Ift20,0.4321901629488253
Ift22,0.226105131150143
Ift43,0.2528738282681006
Ift57,0.4962851746651537
Ift74,-0.2837805374646818
Igdcc4,-0.26571221852819776
Igf2bp3,-0.24892995795
Igf2r,-0.2118003390807209
Igfbp2,9.920649458766581
Igfbp3,0.5128574927710746
Igfbp5,-0.2825214440402938
Igflr1,-0.6104015942328502
Igfn1,0.475351346567324
Ighm,-0.42530376781398543
Igip,-0.3120805638145958
Iglon5,-6.0856926337412505
Igsf1,-0.3091443289739413
Igsf10,0.4350630382826122
Igsf11,-0.21608776094999999
Igsf3,0.2654603263980695
Igsf8,0.2537700175648374
Igtp,0.5098559228
Iigp1,1.0113060777040963
Ik,0.21209997997253255
Ikbkb,-0.26015375911615835
Ikbke,0.6116691133145233
Ikzf1,-0.4164843533643354
Ikzf2,0.3452363374623655
Ikzf5,-0.7433478210359258
Il11ra1,0.2352433373868627
Il12rb2,6.691918275430423
Il13ra1,-0.45491570531072223
Il18,0.2666683649655074
Il18bp,0.2828088988862569
Il1r1,0.18997348621030596
Il1rap,0.00503699264249835
Il1rapl1,-0.3926595395182815
Il1rl1,-1.099345169467534
Il2rg,-0.9705805914721788
Il3ra,0.6009627305127289
Il4,-0.3997228544174533
Il6ra,0.8061502750046295
Il6st,-0.2278391411894988
Ilf3,0.2595194733732086
Ilkap,-0.02983066229593985
Immp1l,0.4552697823118075
Immt,-0.2544713813531654
Imp3,0.2291279409823213
Impa1,0.12819949129170385
Impact,-0.2917138629867523
Impad1,-0.15809989054268755
Impdh1,0.2000490317400852
Impg1,-0.20159330009015913
Impg2,-0.569626467595169
Ina,-0.301002153479898
Inafm1,0.25046607946087185
Incenp,-0.053235748058058335
Ing2,0.3152756590821973
Ing3,-0.23368757120506656
Ing4,0.32141461585
Inha,0.3428715241783141
Inhba,-0.46565357363158355
Inhbb,10.71981951680055
Inka2,-0.08777514168075654
Ino80b,0.1957451592428445
Ino80dos,-0.3559182723651387
Inpp4b,-0.20520053985587672
Inpp5a,-0.2713143247165273
Inpp5d,0.32300250539610353
Inpp5j,-0.4753905266170439
Insc,-0.3463196086424653
Insig1,-0.11449596733448623
Insig2,0.018608025679116943
Insm2,4.950457217922953
Insr,-8.774144307756602
Insyn1,0.2730476353347181
Insyn2a,0.3456855611129916
Insyn2b,0.2548558585675263
Ints12,-0.2774577453118917
Ints3,-0.27710455318238314
Ints4,-0.237080545011266
Ints6,-0.23305467064372185
Ints6l,-0.2781152290247673
Ints7,-0.2056726984655216
Ints8,-0.3831480015592879
Ints9,-0.2028313876729458
Ip6k2,0.2548669136340308
Ipcef1,-0.33864365662771645
Ipmk,-0.2454821407980803
Ipo11,-0.24720464668986836
Ipo11-lrrc70,-0.2462581847490259
Ipo5,-0.2733983240249961
Ipo7,-0.10385380277820404
Ipo8,-0.2241855503968784
Iqcb1,0.3233127146108203
Iqcc,0.2906554754461177
Iqgap2,-0.354152715257694
Iqsec1,0.12970294364411944
Iqsec2,0.2868549296378536
Iqsec3,0.2510070609319373
Irak1bp1,0.3096860693585648
Irak3,0.9966535276868311
Ireb2,-0.3252533393238763
Irf1,0.2245141188
Irf2,-0.21710671534856235
Irf2bp2,-0.2407387793798778
Irf2bpl,-0.23764166874053685
Irf3,0.3804470841825201
Irf5,0.27538664840871907
Irf7,0.5846034444
Irf9,-0.4710425016572737
Irgm1,0.15405519940254866
Irgm2,0.5589593132597204
Irgq,-0.2561531442257948
Irs1,0.004665406706064551
Irs2,-0.16302096372011365
Irx3,4.908929258343469
Irx5,6.563166796753817
Iscu,0.3075464201987839
Isg15,1.013729632
Islr,0.5691684413719742
Islr2,-3.0995057102277688
Ism1,0.5566456018849085
Isoc1,-0.3281168497719743
Isoc2a,0.2190846706668146
Isoc2b,0.39173643539363723
Ist1,0.5528897622
Isy1,0.2257937039210468
Isyna1,-0.4169325381666103
Itch,-0.19362310138777533
Itfg1,-0.2819995958756258
Itga10,-0.041364425365468666
Itga3,-0.2925618094677472
Itga4,-0.4288247053796152
Itga6,-0.29140714140507373
Itgam,-0.2695304793175616
Itgav,-0.14068728277193338
Itgb3bp,0.06593212508689791
Itgb4,-0.2082713602387285
Itgb8,-0.32445877140431983
Itgbl1,-0.42263222589743443
Itih5,0.4665697996264196
Itm2a,-0.36216074107689095
Itm2c,0.2506259466992334
Itpk1,-0.2484707854015727
Itpkb,-0.0222342113978172
Itpr2,0.2871843019952727
Itpr3,-8.930728033138454
Itpripl1,0.5828116109247984
Itsn1,0.13482256777154183
Ivns1abp,-0.16389913603324022
Izumo4,0.4762208664065684
Jade2,0.2117282590190567
Jade3,-0.2660528409531515
Jak1,0.1703376146475778
Jak2,-0.2728834145985996
Jakmip1,0.3897242822874716
Jam2,-0.1621108890455686
Jazf1,-0.0905674396302773
Jcad,-0.229163852972743
Jdp2,0.42827245391437185
Jmjd4,0.21255225882095263
Jmjd8,0.2762350115379447
Jmy,-0.0819551212648023
Josd1,-0.2033402573834652
Josd2,0.2724110021706925
Jph1,-0.4027352830208387
Jph3,-0.011993949049946606
Jph4,-0.09558419257767505
Jpt2,-0.2011049021618892
Jrk,0.27116262485010684
Jrkl,-0.12009848001370022
Jsrp1,-1.7656803847065927
Junb,1.3115882528266796
Jund,3.928290698391218
Jup,-0.3429924112996815
Kalrn,0.3054185524905791
Kank1,-0.25728805469838767
Kank3,0.4022325113902324
Kank4,-0.2808255252903842
Kansl1,-0.5661851170879081
Kansl1l,-0.4515623777220166
Kantr,-0.4865773755709259
Kash5,0.3903626119102446
Kat2b,-0.3109585078870993
Kat6a,0.09945225864854655
Katna1,-0.33300200077560715
Katnbl1,-0.44177991191398375
Kazald1,0.5558167126417688
Kbtbd2,0.012888175872732846
Kbtbd3,-0.5145970385857427
Kbtbd6,-0.7555672029608151
Kbtbd7,-0.22732739322534182
Kbtbd8,-0.42332110239917786
Kcna1,0.009762214648350679
Kcna2,0.2855729387154007
Kcna3,0.6228888083984128
Kcna5,0.3608701594312326
Kcna6,-0.2160390112696787
Kcnab1,-0.2399108263
Kcnab2,-0.2129079734542641
Kcnab3,0.492203610721793
Kcnb1,0.3020300818602168
Kcnb2,-0.2840516376045273
Kcnc1,-0.11454340906462673
Kcnc3,-0.0978997532290031
Kcnd2,-0.19021955437536708
Kcnd3,-0.2680398007436155
Kcne1l,-0.5073722575579042
Kcnf1,0.12382705118453563
Kcng1,5.002250295442206
Kcng2,0.48916016623226904
Kcng3,-0.2951665117645169
Kcnh1,-0.32790117347500003
Kcnh2,0.0032397763491275877
Kcnh5,-2.198754346724201
Kcnh7,0.3322158423873162
Kcnip2,-0.20925149035
Kcnip4,-0.3109378035268628
Kcnj10,-0.38045183671186333
Kcnj12,-0.3493207962220557
Kcnj2,-0.3840603199939368
Kcnj3,0.058423298907608195
Kcnj4,0.3034910772785095
Kcnj6,0.2322889853815884
Kcnj9,0.3021394474283522
Kcnk1,0.3647550545584088
Kcnk12,0.3286502015849281
Kcnk13,-0.38325683642357955
Kcnk2,0.2629898071523305
Kcnk6,0.4994273655329728
Kcnk9,0.18680239389573208
Kcnma1,0.2170936917002933
Kcnmb3,-0.2723854657000401
Kcnmb4,-0.4760736529037389
Kcnn2,0.34290314423240076
Kcnn3,-0.4286524739701846
Kcnq1ot1,-0.6406371081473569
Kcnq3,-0.2681531466490032
Kcnq5,0.2320170043959505
Kcns2,-0.3575701221122773
Kcnt1,0.3044111950856751
Kcnt2,-0.38095537350601694
Kcnv1,0.8461314694263015
Kcnv2,2.383891236294779
Kctd10,0.2277804133431503
Kctd12,-0.21144507510632096
Kctd12b,-0.5013859814799261
Kctd13,0.2048920638843415
Kctd15,0.2624585783088003
Kctd16,0.3817118598354065
Kctd17,0.20024094850162
Kctd18,0.013297497779947196
Kctd21,-0.2713514769807551
Kctd3,0.8437859274018078
Kctd4,-0.39424254683212234
Kctd9,-0.2003646926932422
Kdelr2,-1.3015234698876206
Kdm1b,0.08711467552886473
Kdm2b,-0.29536640925636
Kdm3a,-0.22850782637967498
Kdm4a,0.2387425043562039
Kdm4c,0.2235636502
Kdm4d,0.6179484074211398
Kdm5b,-0.3564231644689035
Kdm5c,0.2178910271984874
Kdm6a,-0.24871675333964188
Kdm7a,-0.37089884896368075
Kdm8,0.3561440981563238
Kdr,2.579222388751128
Keap1,0.11305699716447687
Khdc4,-0.2271027105549299
Khdrbs1,-0.28664563895
Khk,0.5379439803743911
Khnyn,0.201558883820557
Kidins220,0.2355217701680582
Kif11,-0.5445709155284224
Kif15,0.7972220903091792
Kif17,0.21757391422938904
Kif1a,0.2638368605524498
Kif1b,0.10646437545027189
Kif20a,-8.770628866786476
Kif21a,0.207005368332337
Kif22,0.8776171879130179
Kif26b,-0.07610144203863092
Kif2a,-0.2543438963601659
Kif3a,-0.0647711392051994
Kif3b,0.6286985175370509
Kif3c,0.005961500432729652
Kif5a,0.18112823324664892
Kif5b,-0.2890053363353403
Kif5c,0.2603213690767332
Kif6,0.3687034223471473
Kifap3,0.0515717377067616
Kifc2,0.2509189108728907
Kirrel3,0.2448345622961594
Kirrel3os,-1.1415458693690312
Kit,-0.25544392446638414
Kitl,-0.21221031092089734
Kiz,0.2275349149423824
Klc2,-0.2808583625023017
Klc3,0.48846436815695216
Klf10,-0.371053712791159
Klf12,0.08289735337133536
Klf13,0.3464443787730777
Klf15,0.3696180465096692
Klf16,-0.002182927752705316
Klf2,-0.07637292117073281
Klf3,-0.3156709775329005
Klf5,0.7305271761478136
Klf6,-0.005644641944689638
Klf9,0.4213679722409667
Klhdc2,1.6924824159105776
Klhdc3,0.2780522956201505
Klhdc4,0.6456628946984941
Klhdc7a,0.03967157155372395
Klhdc8b,0.3030542929891329
Klhl11,-0.018669383833397984
Klhl13,-0.2486620206288271
Klhl14,-0.3596103796447946
Klhl15,-0.5072400533712628
Klhl21,0.25354622096003954
Klhl23,-0.2432830002692096
Klhl24,-0.2520312553694051
Klhl25,-0.2621726920837668
Klhl26,-0.2164265333192115
Klhl28,-0.23216351101989557
Klhl29,-0.3012079813191269
Klhl34,-0.2965952480687042
Klhl36,0.032294806320119517
Klhl4,-0.31522095956726576
Klhl40,0.5596707407597105
Klhl42,-0.041683160315767354
Klhl5,-0.2331517787921236
Klhl7,-0.2798652147440994
Klhl9,-0.28500289936128986
Klk13,1.2876842392448768
Klk8,0.3787468140202809
Kmt2c,-0.4594568990468636
Kmt2e,-0.2369282116199718
Kpna1,-0.330958330764253
Kpna3,0.07345740371118806
Kpna4,-0.3971434653661336
Kpnb1,0.2680651530482063
Kptn,0.2553824484467726
Kras,0.2860562099281055
Krcc1,-0.2348792027737866
Kri1,0.23385398499791257
Krit1,-0.17055006155991392
Krt1,0.3187614071268437
Krt10,0.4812078350586341
Krt18,0.6369160197425472
Krt2,0.49483481727267276
Krt9,0.7149106565706747
Krtcap2,0.35699401175186357
Ksr2,0.1007393202611588
Kti12,0.36286531725
Ktn1,-0.00876336023148619
Kxd1,0.2213062608228731
Ky,0.0541089598893949
Kyat1,0.2155732993279245
L1cam,-0.6590642835183662
L2hgdh,-0.2550669678645247
L3mbtl2,0.2208639904
L3mbtl3,-0.41941715224308607
L3mbtl4,-10.496648744007947
Lactb2,-0.2291097354880703
Lage3,0.1777021982018693
Lama3,-0.4307563634639799
Lamb3,0.31440046061034604
Lamc1,0.2486119476051841
Lamp2,-0.21590721646612812
Lamtor1,0.263478894265298
Lamtor2,0.5429593746176241
Lamtor4,0.6146046907110415
Lamtor5,0.4182892240013264
Lancl2,-0.2107080200936738
Lancl3,-0.0639170156754999
Lap3,-0.2107705790801978
Laptm4a,-0.2551015502790996
Laptm4b,0.0709504675798312
Laptm5,-0.050236404548816255
Large1,0.009313227188217504
Larp4,-0.17558250033885808
Larp6,0.2766204268367092
Lars,0.2282629837729358
Lars2,1.14471019980425
Las1l,0.11089508862239404
Lat2,0.4128318166361752
Lats1,-0.3632828292374287
Lats2,-0.3331408411200114
Lbhd1,0.5423884277406905
Lbr,-0.2030869744390649
Lcmt2,-0.2407442265103341
Lcn2,0.295555953
Lcor,0.4453511789384633
Lcorl,-0.42826964457596434
Ldah,-0.2601910566575655
Ldb3,0.2099895548765267
Ldha,0.2219324545924007
Ldhd,0.3299213291509136
Ldlr,-0.3278996192081668
Ldlrad3,-0.2764169908295487
Ldlrad4,0.23747771495008496
Lefty1,0.5028889992137064
Lefty2,1.0745476811025438
Lekr1,-0.3979435556264677
Lemd1,0.4791764422398834
Lemd2,0.28730624052584564
Lemd3,-0.13645172476092954
Leng8,0.30472325691800317
Leng9,0.35924327703487857
Lepr,-1.451504995300512
Leprotl1,-0.23671660242550094
Letm2,0.2484008590354276
Lfng,-0.15014198329643355
Lgals1,0.3328785616537043
Lgals3bp,0.7524537104
Lgals8,0.2614966600584775
Lgals9,0.3770320526896621
Lgalsl,-0.3633969397658148
Lgi1,0.29237417385
Lgi2,6.013491260940841
Lgi3,0.2461334832272232
Lgi4,-0.3209296697783699
Lgr4,-0.38275855137797843
Lgr5,0.2597163922096592
Lgr6,-0.4326030631198304
Lhfp,-0.23575314
Lhfpl2,-0.3036361042193528
Lhfpl3,-0.22143473118053061
Lhfpl4,0.3559898106345932
Lhpp,0.2719151684799117
Lhx1os,-0.2928133317781247
Lias,0.03160650340163845
Lichi,11.14001661729347
Lifr,0.1658889690613668
Limd1,2.9783484816480468
Limd2,0.3155749497984587
Lime1,0.0445305850825469
Limk1,-0.07667532313171971
Lims1,-0.39087921431359857
Lims2,0.2348721820290548
Lin28b,-0.4748597575821567
Lin37,0.2215569366899555
Lin52,0.0208519408655293
Lin54,-0.17826238468185157
Lin7a,-0.3074964697194357
Lin7b,0.4039951773410803
Lin7c,-0.3204348528050564
Lin9,-0.4001179093642501
Lingo1,-0.445130783710792
Lingo2,-0.3177847049441326
Lingo3,-0.3564023270959289
Lingo4,0.09866980628145001
Lins1,-0.2808884488468249
Lipe,0.21595196828205832
Lipo3,-0.34335105807712574
Lipt2,6.466207965606629
Lix1,-0.2914040623370308
Llph,0.5107377238051677
Llph-ps1,-2.054045559376502
Lmbr1,-0.2009499685902308
Lmbrd1,-0.2265376206845241
Lmbrd2,-0.23188728394639835
Lmf1,0.2541523838967026
Lmf2,0.2375008037192523
Lmln,0.2453517948117474
Lmna,0.3528167878449434
Lmnb1,0.3058279995828579
Lmo2,0.2261287100770839
Lmo3,-0.2330233078520825
Lmo4,0.3392523000045401
Lmtk2,-0.08689161976724451
Lncppara,0.5190895969046954
Lnpep,0.5567165307632145
Lnpk,0.02109117751732524
Lnx1,-2.2248471487853902
Loc100861749,-0.897362842332314
Loc102631992,0.4971607876119208
Loc102634078,0.5976427001223291
Loc108167518,0.5276798555071431
Loc108167553,0.6519942413012154
Loc108167751,-0.11506643495963459
Loc108168933,-0.8421758311712895
Loc108169085,1.5783352501869443
Loc114841036,0.8007050301220199
Loc115486415,-1.0605061481078668
Loc115486436,0.504301652770182
Loc115486880,0.7059663154358634
Loc115487369,-0.8530971380674195
Loc115487471,1.52132696435781
Loc115488130,0.4149490451022541
Loc115488342,-0.2508280292323836
Loc115488525,1.1045775144350771
Loc115488625,2.6874524175483283
Loc115488765,1.244472052313163
Loc115488769,1.6596298245467023
Loc115489019,0.7723398502951118
Loc115489466,0.9621639885518626
Loc115489723,0.2637123665029538
Loc115490200,-0.061051220471630585
Loc115490354,0.9084434028596522
Loc115490443,0.37517298125009785
Loc118567328,1.4297092657119914
Loc118567332,1.6102433455359844
Loc118567333,1.6113348172540092
Loc118567339,1.5362782422879413
Loc118567340,-0.4515446299210077
Loc118567341,-0.9134225970593468
Loc118567342,0.95110746657363
Loc118567348,0.2687379804713986
Loc118567375,1.6438660411837631
Loc118567379,-0.360499181457789
Loc118567394,1.075249757590384
Loc118567400,1.2190542476996882
Loc118567402,0.8019968047950304
Loc118567418,1.6623942084894257
Loc118567437,-0.2731439112211671
Loc118567447,1.076847487638784
Loc118567450,1.7653359516112708
Loc118567467,1.251244665893773
Loc118567469,0.42864981267499247
Loc118567488,-0.9891051186926768
Loc118567497,0.9508960441464852
Loc118567504,0.2346384199223708
Loc118567527,0.5898114324729087
Loc118567533,1.320538434774917
Loc118567558,-1.0248254921109503
Loc118567559,-0.7626019700386422
Loc118567562,2.385088743771376
Loc118567589,2.3908711666499403
Loc118567597,1.69188075959995
Loc118567598,2.108573413258044
Loc118567599,0.6674379430612425
Loc118567609,0.5573455649115653
Loc118567614,2.2917697450608623
Loc118567623,-0.5946393767598014
Loc118567631,-0.6496418312116495
Loc118567635,0.2716089671291795
Loc118567643,0.6181760424750551
Loc118567655,1.8426213439304768
Loc118567658,-0.8744950693783838
Loc118567660,-0.4683001222247105
Loc118567665,2.543667253181116
Loc118567721,0.6057711638942965
Loc118567733,0.6772334786353675
Loc118567736,0.8379347175058283
Loc118567738,0.4965427887422
Loc118567782,1.6732934340432617
Loc118567801,1.1562078052460163
Loc118567812,5.825460317525673
Loc118567819,1.532132281881562
Loc118567821,-1.3715934773158078
Loc118567825,2.1230225016543955
Loc118567854,2.479894816545959
Loc118567855,1.271941634081939
Loc118567856,4.202783759159236
Loc118567871,1.801309115994985
Loc118567885,1.482400409526272
Loc118567904,2.4154456574456
Loc118567920,0.6097048196657195
Loc118567927,-0.5971237391711939
Loc118567935,2.480359719865794
Loc118567955,-1.2675172747789611
Loc118567980,-1.1405061050655452
Loc118568019,2.981821002581769
Loc118568020,0.41819746679201564
Loc118568038,1.3193339046526145
Loc118568085,1.139518500819815
Loc118568120,0.17442110545402575
Loc118568130,0.8698824724516927
Loc118568137,0.8000615288288572
Loc118568138,-1.2300138449225646
Loc118568152,-1.6190447445424885
Loc118568167,1.4632754670374435
Loc118568168,1.3836177642084106
Loc118568169,2.714756228131076
Loc118568194,3.3559427865983427
Loc118568212,1.177887334683274
Loc118568219,2.4589074398068664
Loc118568224,0.2556019127717245
Loc118568226,0.957161343707394
Loc118568241,-2.479965741895466
Loc118568268,0.6394509951463534
Loc118568277,0.16197386737279962
Loc118568281,-0.56599434707578
Loc118568291,1.6556050897618906
Loc118568293,0.95440136178005
Loc118568312,1.0582360379164208
Loc118568324,1.9721294081836405
Loc118568351,2.873701715281702
Loc118568370,-1.2401846651627673
Loc118568383,1.180879612242757
Loc118568384,1.2842895461890516
Loc118568394,2.2148569111979133
Loc118568438,-0.8874608885401577
Loc118568478,2.415419075702174
Loc118568479,3.677272592041644
Loc118568482,0.6041894308898657
Loc118568500,-0.3550838602478023
Loc118568513,0.499089120350176
Loc118568526,0.8639481181789859
Loc118568563,-1.5200517076851794
Loc118568581,0.32276660521713474
Loc118568596,1.147207700839307
Loc118568607,-0.8812658888684216
Loc118568617,-1.4224348313639137
Loc118568618,-0.7435060264814234
Loc118568660,1.320133544104387
Loc118568698,0.7139578059905456
Loc118568702,0.7229534638850106
Loc118568705,-0.4292388064672807
Loc118568710,0.661636103920315
Loc118568718,-2.209226794156844
Loc118568733,-0.4049504826785274
Loc118568756,1.4850709197020648
Loc118568782,0.6774464798645812
Loc432842,-0.03998085713256081
Lonrf1,-0.2731806516145835
Lonrf2,-0.0328163905023138
Lonrf3,0.11402656316069602
Lor,0.5857085857929466
Lox,-1.3701584831045548
Lpar2,-0.8471460223127737
Lpar4,-0.013062397906257739
Lpcat2,-0.26113527923669144
Lpcat4,0.2137480571573594
Lpgat1,0.21885092818301
Lpin1,0.044338591276500305
Lpin2,-0.2448948355973631
Lrba,0.21668390587329744
Lrch1,0.2045092948717215
Lrch2,-0.4773252777464611
Lrch3,-0.2722641073192025
Lrfn1,-0.0612129053945735
Lrfn2,-0.3175697302807747
Lrfn3,-0.12505351695061803
Lrfn5,-0.2314987458732022
Lrg1,0.8039221580428471
Lrif1,-0.2513607754911221
Lrig2,-0.3021558450100123
Lrig3,-0.2024102412644299
Lrp1,0.15479631362689578
Lrp12,-0.2786767347061166
Lrp3,-0.3093936107176635
Lrp4,0.007649585490594857
Lrp5,0.2444042931185973
Lrp8,-0.2752941891580223
Lrp8os2,1.2608783888003803
Lrpprc,-0.27621966614595506
Lrrc1,-0.0763618970508556
Lrrc14,-0.8045255719278978
Lrrc14b,-0.27902024036067785
Lrrc17,2.4114648534934893
Lrrc23,0.3437735923363053
Lrrc28,-0.2190461662511888
Lrrc3,-0.2684520626693221
Lrrc39,0.3922341723638071
Lrrc4,-0.2019964979984136
Lrrc40,-0.2790618557632045
Lrrc45,0.34928416256309297
Lrrc4b,-0.0442007864743707
Lrrc4c,-0.016864466716591406
Lrrc56,0.4809970450875868
Lrrc57,-0.23037494929713415
Lrrc58,-0.42945220844307147
Lrrc61,0.2696199704000172
Lrrc69,-0.3154943937141125
Lrrc7,0.3421333853303541
Lrrc73,0.2404198253102202
Lrrc8b,-0.21133493760459357
Lrrc8c,-0.15045199704363305
Lrrc8d,-0.026144177217807887
Lrrcc1,0.3939771472567467
Lrrfip1,0.3130211763243434
Lrrfip2,0.2319625531193616
Lrrk1,5.553885587698861
Lrrk2,-0.12687659598165113
Lrrn1,-0.032031699017197046
Lrrn2,0.4251886622721149
Lrrn3,-0.27680987762404635
Lrrtm1,0.2287456836
Lrrtm2,-0.3665663425336878
Lrrtm3,-0.3899526801857081
Lrrtm4,-0.36010245104445193
Lrtm2,-0.3175240975646911
Lsm10,0.365682692600739
Lsm12,-0.335510720875
Lsm14a,0.967589815598439
Lsm14b,0.2497879849269339
Lsm2,0.3461144994
Lsm3,0.013879651050146949
Lsm4,0.6316767008450377
Lsm5,0.17660305220973616
Lsm7,0.8595755910967456
Lsm8,0.533568896498899
Lsr,-0.3799770957108591
Lta4h,0.2038179828
Ltbp1,-0.4182592811817346
Ltbp4,-0.2376608139517534
Ltk,0.3046444570185419
Ltn1,-0.17927021471250668
Luc7l2,0.06546347158988819
Luc7l3,-0.2081437740409016
Lurap1,0.40038070562111416
Lurap1l,0.444579373074822
Luzp1,-0.1142478326601523
Luzp2,-0.3355245182186016
Ly6a,-0.0034636517660398963
Ly6c1,0.3581784871782659
Ly6e,0.2327557547915689
Ly6g6d,0.7756140321246212
Ly6h,0.31361872452804684
Ly75,-0.4219560764195598
Lyar,0.4392838549977204
Lyl1,-0.31409109656698997
Lyn,-8.158294778548536
Lynx1,-0.3031829325908303
Lypd6,-0.28117969608546867
Lypla1,-0.1408803614457766
Lyrm2,0.0918745245423962
Lyrm9,0.23460653507661822
Lysmd2,0.8438224864187177
Lysmd3,-0.4900140548509227
Lyst,0.2322019555850567
Lzic,0.2109872072169444
Lztfl1,-0.4154800986431306
Lzts2,0.2851827850178972
Lzts3,0.2514700641669464
Maats1,-0.4668222676782936
Macrod1,0.507552044805721
Macrod2os1,3.128426060755869
Macroh2a1,0.8485175643835419
Macroh2a2,0.2477458709765101
Mad1l1,0.3324775061156575
Mad2l1,-0.2881555516740449
Mad2l2,-0.2858238079017717
Madd,0.01833049932544145
Maea,-0.39895964515
Maf,-0.2950988531026884
Mafb,-0.338001283635531
Maff,0.27514320010768634
Mafk,0.29751110267780606
Mag,-2.0523890089619536
Magee2,-0.2874133830098677
Mageh1,0.43245645756779727
Magi1,-0.2121313337143102
Magi2,-0.06297162785888218
Magi3,-0.03212990213698488
Magoh,-0.2279480673009052
Magohb,0.4542622658307387
Magt1,-0.4214589122421333
Maip1,-0.2649640323072464
Mak16,-0.2605273700987313
Mal,0.3232040093829796
Mal2,-0.3582702152176185
Malat1,0.43259202013514175
Mamdc4,0.5678996880176037
Maml3,-0.14876227803075884
Mamld1,-0.3195126896828629
Mamstr,0.5139927417102885
Man1a2,-0.24786328687052575
Man1c1,-0.2918234120398462
Man2a1,-0.23353598077376375
Man2b2,-0.018074297577050397
Man2c1os,0.4458793514654097
Manbal,0.4442059631247301
Manea,-0.22308025400751164
Maneal,-0.01062175549519355
Manf,0.2870408389979348
Map10,-0.47814783655063087
Map1a,0.1934065998351786
Map1b,-0.13709379831841387
Map1lc3a,0.6993584093063528
Map2,-0.14840509324508627
Map2k1,0.66132762975
Map2k4,-0.2549589083500716
Map2k6,0.35443163802625477
Map2k7,0.2021318856784031
Map3k1,-0.3691491984311841
Map3k10,-0.10428580865733625
Map3k13,-0.10682920722647384
Map3k19,-0.5645153402986405
Map3k2,-0.10975041646724346
Map3k20,-0.2595556507125657
Map3k6,0.7261603478665091
Map3k9,-0.5118183527579179
Map4k3,-0.2303645763914993
Map4k4,0.23272807175
Map6,-0.09993042073636504
Map6d1,-0.4257921555170811
Map7d1,1.3706376943234857
Map7d2,-0.2424653025
Map9,-0.2312374860895016
Mapk1,1.1180066982974668
Mapk14,1.300077265844556
Mapk4,0.355543280210069
Mapk8,-0.3117171053968226
Mapk8ip2,-0.2559299882951159
Mapk8ip3,-0.2349357172328501
Mapk9,-0.2661562430978564
Mapkapk2,-0.237766123060026
Mapre1,-0.2260479187322717
Mapre3,0.30810278727499996
Mapt,-0.2987504636659009
Marchf1,-0.2259029956339354
Marchf6,-0.14978085074843778
Marchf7,-0.32208289973772675
Marcks,-0.7780277435362701
Marcksl1,0.4016057480995693
Marf1,-0.2061970103574698
Mark1,-0.2106695658857052
Mark2,-0.3026399050401496
Mark4,-0.3788437002079459
Mars2,-0.3936921336430187
Marveld1,-0.2344290179293126
Maskbp3,-0.2597117662896818
Masp2,-0.3234039248822172
Mast2,-0.241043355829533
Mast3,0.33332124914068
Mast4,0.17830013619200963
Mat2a,0.27827051905000005
Mat2b,-0.2909582653455626
Matk,0.4053505017444452
Matr3,-0.3579032703955682
Mbd2,-0.2253313047018665
Mbd3,0.2634573214737588
Mbd5,0.329588467054534
Mbip,-0.3706297364250029
Mblac1,0.5509354503334036
Mblac2,-0.312325099208085
Mbnl1,-0.3416777127936741
Mbnl2,-0.2102878565123246
Mboat2,-0.2357013290248158
Mboat7,-0.2211989652860047
Mbp,0.4422135674702362
Mbtd1,-0.09471493852820945
Mbtps1,0.25803437345
Mbtps2,-0.3166882075761466
Mc3r,-1.3414153611689652
Mcam,-0.2981442379482157
Mcc,0.22030500036338707
Mccc1,0.12087241873376675
Mccc2,0.31596941518475335
Mcee,0.40838845625616904
Mchr1,0.34561345841922736
Mcl1,-0.2319485388864245
Mcmbp,-0.023854745496380947
Mcmdc2,-0.4671705107752605
Mcph1,0.2185694205879668
Mcrip1,0.2133467557608826
Mcrip2,0.4411389767850818
Mctp1,-0.2592006437471493
Mcts1,-0.34470736577528327
Mcu,-0.2813148651
Mcur1,-0.2414221875838528
Mdga1,-0.1695735878555528
Mdga2,0.009005963889239244
Mdk,0.464270351148504
Mdm2,-0.2504203884903272
Mdm4,-0.2230967747467773
Mdn1,-0.4453224642621157
Mdp1,0.40989053156185384
Me1,-0.010224782357861117
Me2,0.2089525874098218
Mea1,0.4614655503024988
Meaf6,-0.25143403445
Mecp2,0.3064351510125683
Mecr,0.4064893721053576
Med1,-0.2323674989819813
Med10,0.39558649401424817
Med12l,0.2632445421780522
Med13,-0.017525053982074962
Med13l,-0.204333345001842
Med14,-0.2304677721565396
Med21,0.06455986067648721
Med23,-0.241819434658954
Med28,0.3366969358
Med29,0.2069805242285012
Med31,-0.2892204414990668
Med7,-0.0063507467424797626
Med9os,0.790964460910923
Mef2a,-0.27619739403248095
Mef2c,-0.2769728780793887
Mef2d,0.7119408279474534
Meg3,0.47114874661089
Megf10,-0.16069079274505607
Megf11,-0.24475935742674024
Megf6,0.33079535874152305
Megf8,0.2024514468467844
Megf9,-0.13046180515166894
Mei1,0.5679664363105139
Mei4,-10.010166073091025
Meig1,0.9079026266999528
Meioc,-0.6041149354948254
Meis1,-11.869371639426566
Meis3,0.26439779819420706
Memo1,-0.4220566579260823
Men1,0.2074267650128617
Mertk,1.432025356864722
Mest,-0.20417381405
Metap1d,-0.2270031307385921
Metrnl,0.3810548168358554
Mettl17,-0.3047425091349701
Mettl21a,0.28828145689311946
Mettl22,0.33579653479940835
Mettl23,-0.2903549480871951
Mettl26,0.4055124592951331
Mettl27,0.349866966992379
Mettl4,-0.3018382041491168
Mettl5,-0.26116925899259785
Mettl7a1,0.39609158011190415
Mettl9,-0.2564760310171021
Mex3b,0.3381060735811364
Mex3c,-0.2953383756390772
Mfap1a,-0.2133341317754333
Mfap1b,0.025022154264068203
Mfap3,-0.3251158740428554
Mfap3l,-0.16189872812798747
Mff,-0.22446283727441027
Mfge8,-0.2868082707160345
Mfhas1,-0.03987651875038005
Mfsd10,0.2553714843883425
Mfsd12,0.2753113739054048
Mfsd14a,-0.21292645344458225
Mfsd14b,-0.3119092067987706
Mfsd2a,0.5213546555047485
Mfsd8,-0.2842821767884773
Mfsd9,-0.29855308806430464
Mgat3,0.26699598575
Mgat4a,-0.02178413190310889
Mgat4b,-0.2933421719605341
Mgat5,-0.047490713695652664
Mgat5b,-0.3602227359941178
Mgll,-0.2279998167878242
Mgmt,10.33692298530587
Mgp,-0.6368865319627804
Mgst3,0.5726040081766683
Miat,0.5829503394245565
Mib1,-0.16557813757236983
Micall1,-0.2041305332838592
Micos13,0.9333289943478043
Micu3,-0.30812636009304534
Mid1,-0.8879939345258915
Mid1ip1,0.2539626101567476
Mid2,-0.18102451767827618
Midn,0.08373462826783165
Mien1,0.7042420492982493
Mier1,-0.3326516821521193
Mier3,-0.1741157891418771
Mif,0.2265982191101585
Miga1,-0.23255501876049206
Miip,0.3033224614772994
Minar1,0.4377061806419877
Mindy2,0.24108884530486568
Mindy3,0.005632483726328741
Mink1,0.2420853105633062
Minpp1,0.3874013294
Mios,0.29759834985
Mipol1,-0.2694478692374599
Mir100hg,-0.37341136506608025
Mir124-2hg,-0.4236548362998816
Mir186,-1.1430070423393983
Mir22hg,-0.2446661129891975
Mir5125,0.3916190321486134
Mir9-3hg,0.1267062611269269
Mir99ahg,-0.4139643449181121
Mirg,0.2874356541053675
Mis12,-0.221141860573293
Misp3,1.4768454215698317
Mitd1,0.3376233094020111
Mkks,-0.7406673910368136
Mkln1,-0.2014872469149081
Mlec,0.24179985005
Mlf2,0.2131052265553145
Mlh3,-0.2144189149679879
Mllt1,0.8153592561727075
Mllt3,-0.31104966427162417
Mllt6,-0.3117396882941149
Mlph,0.4684599372702792
Mlx,0.2008211899
Mmachc,-0.21600763864943084
Mmd,-0.3844765818086931
Mme,-0.15761554598047156
Mmel1,0.3424947126599084
Mmgt1,-0.3902397673681188
Mmp14,-0.6822500271209201
Mmp15,-0.3738295182754029
Mmp16,0.0027907357736214242
Mmp17,-0.3955521163918414
Mmp2,-0.5546826461754895
Mmp25,-0.6962062170714203
Mms19,-0.2103349714888442
Mnt,-0.08328026215597589
Mob1a,-0.3617079920408828
Mob1b,-0.4363471734027937
Mob2,0.2417558130964444
Mob3a,-0.2829194103179596
Mob3b,-0.5223353364604343
Mob4,-0.3743499319746676
Mobp,-0.4736292061
Mocs1,0.2807481374924846
Mocs2,0.2067163930381152
Mocs3,0.4172202693577834
Mon2,-0.031073326594838246
Morc3,-0.14483167251687987
Morf4l1b,0.643149585810567
Morf4l2,0.008499476718396251
Morn1,0.24989652652246508
Morn2,0.378241982231615
Morn4,0.26159434668017933
Mosmo,-0.3255082208997497
Mospd1,-0.3981834638719618
Mospd2,-0.3166539606592226
Mov10,-0.2588544643419505
Mpc2,0.37928472451636164
Mpeg1,-0.2611199977997908
Mpg,0.3153887569445873
Mpnd,0.3133286304504252
Mpp2,-0.3159605471284458
Mpp5,-0.24174175293387823
Mpp6,-0.4155536304681757
Mpp7,-0.33407606488106106
Mpped2,-0.25015041667161964
Mpv17l2,0.4088262206407123
Mpzl1,-0.28455027233874886
Mrap2,0.2020201627850911
Mras,-0.2976624688318502
Mreg,4.758004623283353
Mrfap1,0.3121133485308806
Mrgbp,0.3122704434226539
Mrip-ps,-0.6600638041176456
Mrm1,0.3956361700686192
Mrm2,0.2445792911561733
Mrm3,-0.09472573615076839
Mrnip,0.1331593561275091
Mro,-0.019864849640583396
Mrpl1,-0.23759167855774666
Mrpl11,0.3088031087900584
Mrpl12,0.35172609597692095
Mrpl13,0.2249732780840073
Mrpl14,0.34665871931161973
Mrpl18,0.27140953695872927
Mrpl2,0.47055451258829706
Mrpl20,0.6527951390267329
Mrpl21,0.41282728528542806
Mrpl22,0.5756756141643871
Mrpl23,0.4026322721251472
Mrpl27,0.5603370200931916
Mrpl28,0.2505662232642353
Mrpl30,0.29367665905266366
Mrpl33,0.5701152661865544
Mrpl34,0.4590919906879525
Mrpl38,0.10058780729230248
Mrpl39,0.2979458193040334
Mrpl40,0.43909954533973317
Mrpl41,0.6908397306829936
Mrpl44,0.2345973014405114
Mrpl46,0.35751365476040053
Mrpl47,0.298070362206845
Mrpl51,0.422189631248443
Mrpl52,0.5739440253905024
Mrpl53,0.3220684577077893
Mrpl54,0.48274472002562
Mrpl55,0.3937496511380154
Mrpl57,0.3658124593754787
Mrpl58,0.2209469443933822
Mrps10,0.2951170926291872
Mrps11,0.19383853932019535
Mrps12,0.4279750838003411
Mrps14,-0.011886511270071148
Mrps15,0.376426918732085
Mrps16,0.35874139464345656
Mrps18a,-0.044662265498231185
Mrps18c,0.46356899476511304
Mrps21,0.531925197387767
Mrps24,0.3281515118270431
Mrps25,0.3127615306
Mrps26,0.6524020559319912
Mrps28,0.6666940707842617
Mrps30,-0.2246331233807737
Mrps31,0.2537526480484026
Mrps33,0.5102063624073323
Mrps34,0.4059327598691142
Mrps36,0.5253208961825749
Mrps5,-0.0069745439860432286
Mrps6,-0.2894291704527219
Mrps7,0.4437087038887333
Mrps9,0.203491369535586
Mrs2,4.914029869383236
Mrtfa,0.037716927078942586
Mrtfb,-0.045166214653364095
Mrto4,-0.9346383659006694
Msantd2,2.15899109320343
Msantd3,0.2708315145688539
Msantd4,-0.22725819182434076
Msl1,0.2192937808
Msl2,-0.25855117226465657
Msl3,-0.2613475146794018
Msmo1,-0.33851620772283014
Msx3,1.6305449345801757
Mt-co3,-0.2116643313040696
Mt-rnr1,-0.46621333891157746
Mt-rnr2,-0.5349927304962786
Mt-tm,-0.7790996572002533
Mt-tt,-1.0217706806316875
Mt-tw,-0.757400685994024
Mt1,0.46293501063267684
Mt2,0.8279362157476047
Mt3,0.6782644636334654
Mta1,-0.2793814768924095
Mta3,0.019982167114989464
Mtag2,0.801548772056378
Mtap,-0.2386672506847691
Mtch1,0.6762164223852016
Mtch2,-0.30610646445
Mtcp1,-0.39406477479615387
Mterf1a,-0.4157332755551087
Mterf2,0.04827361169628236
Mterf3,-0.4178061935504493
Mtf2,-0.3714065454772044
Mtg1,0.2635814602474149
Mtg2,0.2420963420199854
Mthfd1l,0.3487705019129951
Mthfs,0.6565119154991974
Mthfsd,0.2668434773880744
Mthfsl,0.6232369557003066
Mtln,0.023249925578287894
Mtm1,-0.378429205910724
Mtmr1,-0.00613641993353628
Mtmr10,-0.2915058993447216
Mtmr12,-0.2210292928246842
Mtmr2,-0.235431180575
Mtmr4,-0.2610425109686624
Mtmr6,-0.2042993691663454
Mtmr9,-0.062329379944323395
Mtor,0.08102339802251039
Mtpap,-0.3020576763708854
Mtpn,-0.3167667868747143
Mtres1,0.46835605940475156
Mtrf1l,-0.2980841679030778
Mtss2,-0.7573561482412366
Mttp,0.2655807951683623
Mtus1,0.01471887259186766
Mtx1,0.2653013415670218
Muc3a,0.005448425688839603
Mvb12a,0.22745454333583082
Mvb12b,-0.2319929694283301
Mvd,0.12104728918212164
Mvk,0.3283737211311646
Mx2,0.4973322352
Mxd4,0.5406631255339737
Mxi1,0.29256702425834696
Mxra7,0.2210812838596602
Mybl1,-0.23894192357149452
Mycbp,0.042154817955615986
Mycbp2,0.3072316956
Mycbpap,0.4194520932676006
Mycl,0.31266733095101895
Mydgf,0.3332996601675109
Myh10,0.09209131371385922
Myh15,-0.6023567712829746
Myh3,0.5735123790357389
Myh7,-0.4228999697653785
Myh7b,0.5180069246257694
Myl12a,0.4253566844175442
Myl12b,0.4100012300068966
Myl4,0.3257813888018455
Myl6,0.43938445195558784
Myl6b,0.23968739915722553
Myl9,0.074231930553817
Mylip,0.2253131400706142
Mynn,-0.07877076447609653
Myo10,-0.289128843837693
Myo16,0.2757671676974693
Myo18a,-0.2935060540409824
Myo1d,-0.2657183325862227
Myo1e,8.967952093662872
Myo5a,0.05921025051689735
Myo5b,0.5178419398394515
Myo7a,-0.410039672411859
Myo9a,-0.0057543006460264445
Myoc,0.5152155030174457
Myrf,0.0029749931632750415
Myrip,0.37672367217829617
Myt1l,0.031147977517392247
Mzt1,-0.40420929282755763
Mzt2,0.3285213099469604
N-r5-8s1,0.6189203036014724
N4bp1,-0.3200072834337139
N4bp2l1,0.523581105886073
N4bp2l2,-0.9570611589029417
Naa10,0.4616468957766189
Naa15,-0.33404293772722143
Naa16,-0.36414457323093635
Naa20,0.4903492654
Naa25,-0.2033661501598745
Naa30,-0.5225314495016562
Naa35,-0.2527582479392244
Naa38,0.6464284182517348
Naa50,-0.44402859762017366
Naaladl2,-0.5434188166309868
Nab1,-0.19233877788586165
Nab2,0.3359848894593672
Nabp1,-0.4339828094696037
Nabp2,0.32478902602953114
Nacc1,0.2122478735733524
Nadk2,0.3894611577743604
Nadsyn1,-0.08009085672230565
Nae1,0.007287339143058763
Naf1,0.2109847803439345
Nagk,0.5285325250071454
Naif1,0.3419531672637764
Naip2,-0.5640743710131383
Naip5,-0.3992324549767589
Nalcn,0.0354521386380854
Nalf2,0.4841981073614699
Nampt,-0.2170097766558335
Nanos1,1.4852740383206247
Nap1l2,-0.3044639830271579
Napb,-0.2173020398647524
Napepld,-0.2772117787015836
Napg,-0.2679250700637639
Nars2,-0.2526529545367548
Nat1,-0.6528047831365542
Nat14,0.2945512756139215
Nat8f1,0.03445424276687237
Nat9,0.29871072326243864
Naxd,0.2778401230134791
Naxe,0.41053917222004344
Nbas,-0.2040253006509536
Nbdy,-0.23287911659882995
Nbea,0.020519789167799646
Nbeal1,-0.469781192031601
Nbl1,0.285791581281333
Nbn,-0.26766452715802375
Ncam2,-0.1601098245522856
Ncan,-0.12775631049845654
Ncapg2,-0.3920793299135687
Ncbp2,0.374884469575
Ncdn,-0.38951143752831774
Ncf1,0.4315661868003572
Nckap1,-0.37758470376526776
Ncl,0.2974074006723743
Ncoa1,-0.2184405429838932
Ncoa2,-0.09052395540468387
Ncoa4,-0.2313848461747649
Ncoa5,-0.239687879752112
Ncoa6,-0.2564555319277422
Ncoa7,-0.23366371185748874
Ncor2,-0.05115234538573048
Ncs1,-0.2923764367836805
Ndc1,-0.30705958792790267
Ndfip1,-0.3993343441122101
Ndfip2,-0.2594183857425511
Ndn,0.2027705249313295
Ndp,-0.3502268103720842
Ndrg2,0.2043264250561936
Ndrg4,0.7390407491250005
Ndst1,0.2254279314562889
Ndst4,-0.1245092078927967
Ndufa1,1.020257193371485
Ndufa11,0.2269712343669279
Ndufa12,0.49606460848225115
Ndufa12-ps,0.6831962142130354
Ndufa13,0.4040178158901766
Ndufa2,0.4402258348695449
Ndufa3,0.5377678961892403
Ndufa4,0.18969066197478882
Ndufa5,0.4745819058896402
Ndufa6,0.4647226223470977
Ndufa7,0.401487108945277
Ndufa8,0.502309117115877
Ndufab1,0.3272977900398708
Ndufab1-ps,-1.9494030659935744
Ndufaf2,0.5663095167148529
Ndufaf3,0.3647776496464316
Ndufaf4,-0.2331119713780913
Ndufaf5,0.3774801016838536
Ndufaf8,0.6383402773957122
Ndufb1,1.0452325198891919
Ndufb1-ps,-0.2756096739410122
Ndufb10,0.3432106721996118
Ndufb11,0.3844322070284244
Ndufb2,0.7046787720878096
Ndufb3,0.9733105103416986
Ndufb4,0.1753688086189486
Ndufb4b,-1.1652686579289615
Ndufb5,0.2962564459355463
Ndufb6,0.7177865439487343
Ndufb7,0.4397669637732306
Ndufb8,0.5745869211499921
Ndufb9,0.45054409959322506
Ndufc1,0.17483682560796657
Ndufc2,0.15851944376751484
Ndufs3,0.09354310915585351
Ndufs4,0.39583224232591413
Ndufs5,0.381327662278524
Ndufs5-ps,-0.8761662202726597
Ndufs6,0.8394403597687982
Ndufs7,0.23803520673569417
Ndufs8,0.24871451246791093
Ndufv1,0.22074976396609997
Ndufv2,0.2468432452121663
Ndufv3,0.2934175554294771
Neat1,0.32743911371689405
Nebl,-0.3112544548435092
Necap1,-0.401894383
Necap2,0.26173991983836264
Nectin1,-0.2566687476859984
Nectin3,-0.3396480350128267
Nectin4,0.5137288212595253
Nedd1,-0.16563388331392007
Nedd4,-0.23810250405746955
Nedd4l,-0.2696047596450955
Nedd8,0.4496380108673913
Nedd9,-0.290518381200555
Nefl,-0.2594643489432359
Nefm,0.08908736301499008
Negr1,-0.2514959481647039
Neil1,0.3730537946164775
Nek1,-0.299321946193116
Nek6,-0.2164125867947286
Nek7,-0.1213892539443104
Nelfcd,0.2603648769418251
Nelfe,0.3265379956464026
Nell1,-0.2252949125512217
Nenf,0.4358096918874776
Neo1,0.022206677211503698
Nepro,-0.2510915383859067
Nes,1.499506543544575
Net1,0.5539977532884914
Neto1,0.12140800375103866
Neto2,-0.47987068627884066
Neu4,0.2807250835252108
Neurl1a,1.349544715956122
Neurl1b,-0.2916930543647004
Neurl2,0.6318736645284679
Neurl4,-0.2272523509266864
Neurod1,-0.4009544343692677
Neurod2,-0.7320504612288371
Nexmif,0.474292794473495
Nf1,-0.09563706203857174
Nf2,-0.2548830637179845
Nfasc,0.2286892370368163
Nfatc1,-0.36346716525421585
Nfatc2ip,0.2312357573411823
Nfatc3,-0.32661570958003433
Nfe2l2,0.11772554757932885
Nfe2l3,-0.4359266524910944
Nfia,-0.4167910434682948
Nfib,-0.3538345184554894
Nfic,-0.29704634900066085
Nfil3,-0.3790279650971893
Nfix,0.3048110920256548
Nfkb2,0.6330114204093285
Nfkbia,0.7811430590132886
Nfkbib,0.3113669005837528
Nfkbie,-0.4538495760977585
Nfkbil1,0.4550600112514207
Nfkbiz,0.6032759530569559
Nfu1,0.3160724746776499
Nfyb,0.2117312643781795
Ngrn,0.2468526574911139
Nhlrc2,-0.33691843625
Nhp2,0.2067089243420746
Nhs,0.038387138430076934
Nhsl2,-0.2728092297922543
Nid1,-0.2511995509980961
Nid2,-0.4590559893384818
Nim1k,0.2503240905858734
Ninl,0.3072429359925379
Nipa1,-0.07433491591305465
Nipa2,-0.298447580286605
Nipal2,-0.4041525200366646
Nipal3,-0.2810050049049414
Nipal4,-0.5530161057382266
Nipsnap1,0.2358196005527633
Nipsnap2,0.23746673356030185
Nipsnap3b,0.014228074225779097
Nisch,-0.207837105058586
Nkain1,-0.2598924697096494
Nkain2,-0.24259626701750936
Nkain3,-0.5865996102808883
Nkain4,0.2785497862356729
Nkap,-0.3250398261528909
Nkiras2,0.2469787948260182
Nkpd1,1.1605895094579155
Nkrf,-0.19637408134093287
Nktr,-0.28432419755546906
Nkx2-1,2.632360346107544
Nkx2-2,-0.6023198378890391
Nkx2-9,-0.4179286105231284
Nkx3-1,0.6577817503504105
Nle1,0.2367874390783333
Nlgn1,0.0238171118839407
Nlgn2,-0.4414451191516478
Nln,0.2112110115633707
Nlrc5,0.2166517736
Nlrp1c-ps,2.2184526832516163
Nmbr,0.8331243428108843
Nme1,0.3778484839933854
Nme2,0.39939338723508827
Nme3,0.6075313163686773
Nme4,0.6672882808945603
Nme5,0.3506582454514083
Nme6,-0.2644045468515331
Nmi,-0.3997938269798489
Nmnat2,0.211698081642706
Nmral1,0.4134189201166386
Nmrk1,0.3637288718768233
Nmt2,-0.2908085664962404
Nnat,0.5087723586366566
Nnt,-0.27961026488217067
Nob1,0.25506834730685557
Noc3l,-0.2063616844
Noct,-0.044581513371076936
Nog,0.309318817125113
Nol12,0.2270789072949974
Nol3,0.26487836372004775
Nol4,-0.201147702426187
Nol4l,-0.2637686213759766
Nol6,-0.2070457149907494
Nol7,0.3507684761820004
Nol9,-0.2806498986105057
Nono,0.35806277517499996
Nop10,0.4728990744828949
Nop14,0.2463160382881628
Nop16,0.38886002655645036
Nop53,0.3331790643447823
Nop56,0.3313207492507355
Nos1,-0.3063693301630752
Nos1ap,-0.2803573924
Nos3,-0.3178151244624367
Nostrin,0.49076747274356636
Notch1,0.03467659402133011
Notch2,-2.7151431197714686
Notch4,0.4133554238535819
Notum,0.5003128154298256
Nova2,-0.2005625112788849
Nox1,0.6362221864581395
Noxred1,-1.3965388132864502
Npas2,-0.3107938238803483
Npas3,-0.278508597283194
Npat,-0.13632740685729872
Npc1,-0.2704691640849753
Npc1l1,-0.5748107059109192
Npc2,0.39338437045
Npcd,-0.2696851574162592
Npdc1,0.38448349835
Npm1,0.2611579262235974
Npm3,0.5869019044087622
Nppc,0.6719288725328179
Nptn,-0.2134099165517924
Nptx1,-0.2937916661963059
Nptx2,0.5483559578609287
Nptxr,-0.021211525573857914
Npy,0.5604396596979572
Npy1r,-0.279985909308982
Npy2r,-0.4071398319247278
Npy5r,-0.44382118465097475
Nqo2,-0.3698123518947599
Nr1d1,0.17742668491786454
Nr1d2,-0.03112597079011875
Nr1h3,0.3340903895541458
Nr2c2,0.27495486862861307
Nr2c2ap,0.6263374837998481
Nr2e1,-0.45013285659765584
Nr2f2,-0.3265021144321105
Nr3c1,-0.3137229359224004
Nr3c2,-0.07793211585167249
Nr4a1,1.3774697752205116
Nr4a2,-0.507812180564873
Nr4a3,-0.31427333719612977
Nr5a1,-0.4514299750242697
Nradd,-0.2955064532928135
Nrap,1.0201611379936428
Nras,-0.12461037965183702
Nrcam,0.31545524140864195
Nrde2,-0.2836730544606726
Nrg1,0.2603741775424301
Nrg3,-0.3310159059342965
Nrgn,0.40917334199919875
Nrip1,-0.09836416096947957
Nrip2,0.2003363870225602
Nrp1,-0.4061480026620359
Nrros,0.5215856964019265
Nrxn1,0.13130874337981932
Nrxn2,0.0158723724574939
Nrxn3,-0.44958480002370993
Nsa2,0.342890040771907
Nscme3l,0.5713465754416456
Nsd1,-0.21827317655
Nsd2,-0.3450902496742072
Nsdhl,-0.26979587695
Nsfl1c,0.3560274974628894
Nsg1,0.35941824003435563
Nsg2,0.33263018239051767
Nsmce3,0.4802226803754125
Nsmce4a,3.0593483060661826
Nsmf,-0.2795705719711598
Nsrp1,0.2203022963989166
Nsun2,-0.2236405361986617
Nsun3,-0.227445577841034
Nsun5,0.3572144357563928
Nt5c,0.5780553761680318
Nt5c1a,0.49923645863725763
Nt5c3,0.2964022970788084
Nt5dc1,-6.074082073684396
Nt5e,-0.4284983155181997
Ntf3,0.3769793515118658
Nthl1,0.6047976956758105
Ntmt1,0.3768327612442389
Ntn3,0.3251923986843291
Ntn4,-0.5312684339550146
Ntng1,-0.3040473052398629
Ntng2,-0.4106794276757401
Ntpcr,0.27067154819394407
Ntrk2,0.3568160581972589
Ntrk3,0.15175593257499997
Nts,-0.4951182343202949
Nuak1,-0.2704391010636131
Nubp2,0.2113310747284038
Nucb1,-0.040075370340842645
Nucb2,0.2292994314402421
Nucks1,-0.01775032846292371
Nudc,0.39172838307209973
Nudcd1,-0.29848693599176773
Nudcd3,0.2544782163944429
Nudt1,0.48123257797154817
Nudt10,-0.35893435627609094
Nudt11,-0.3462736529928152
Nudt12,-0.3427409959834966
Nudt14,0.4403053131528847
Nudt16l1,0.3318173082098594
Nudt17,0.2215136991851331
Nudt18,0.29298462437332135
Nudt19,0.12152796359173158
Nudt2,0.3784185087748727
Nudt21,-0.3968079468422718
Nudt22,0.2055021954117881
Nudt3,0.7508684639882085
Nudt4,-0.0015658186234898785
Nudt5,-0.24964087216012212
Nudt8,0.5631206509247346
Nudt9,0.5254060542220984
Nufip2,-0.0368697803708664
Numa1,0.2118839530999459
Nup133,0.2184619131
Nup153,-0.3867637068431661
Nup155,-0.2403998897905583
Nup160,0.07855767439114236
Nup188,-0.2364034093314392
Nup214,0.008153568723020796
Nup35,-0.2805385579045907
Nup88,0.261211670725
Nup98,-0.3229766440368406
Nupl1,-0.2395882599179137
Nupr1,0.8964044676896337
Nupr2,8.533561740255942
Nus1,-0.2828455687676096
Nutf2-ps1,0.4209997565181217
Nwd2,8.440975333889973
Nxn,0.2746693160982712
Nxpe3,0.2909134403840191
Nxpe4,-0.2852056856926857
Nxph1,-0.253463149265735
Nxph4,0.3654026648084048
Nxt2,-0.2836251920413064
Nyap1,0.011952365704424225
Nyap2,-0.4027535255874741
Nynrin,0.2334060251418817
Oard1,0.343049448521724
Oas1g,0.3948591568
Oas2,-0.3816137554100589
Oasl1,0.330112607
Oasl2,0.9509413774
Oaz1-ps,-0.5119727177065242
Oaz2,0.44406180989808786
Obi1,-0.2031215496464204
Ocel1,0.4220577355879607
Ociad2,0.267570547358239
Ocln,-0.2646081232328119
Odc1,2.739734226021773
Odf2,0.2710087328
Odf2l,-0.2427459072765846
Odf3b,0.4316373394639477
Ofd1,0.5336602657030208
Oga,-0.2126554227561199
Ogdh,-0.03184714914854381
Ogfod1,-0.288492006964683
Ogfod2,0.4490227126082518
Ogfr,0.29888028328863425
Ogg1,0.3245063759143515
Ogt,-0.23412879908011827
Oip5os1,0.4068023964228233
Olfm3,-0.2536187798903827
Olfml1,-0.3952376647233426
Olfml2b,-0.2142460810984987
Olfml3,0.4069456025234331
Olfr78,-1.2052114364151734
Olig1,-0.3639274528451303
Olig2,-0.4281996213008046
Onecut1,0.6437813737435595
Opa1,-0.0925800735652379
Opa3,-0.3232345308783738
Opalin,-0.2385742618283953
Opcml,-0.2684625938371594
Opn1mw,-0.224487948
Opn3,-0.4246799511793488
Opn4,1.5775184624595875
Oprd1,0.17264624796088923
Oprl1,-0.266268416
Oprm1,1.1434624237337654
Orai2,0.3442866720421731
Orai3,0.245098627148043
Orc1,2.5912930513871486
Orc2,-0.2368524942806647
Orc3,-0.25729752984576393
Orc4,-0.23376175575074964
Orc5,-0.26124579713967666
Orc6,-0.2179085721675417
Ormdl1,-0.640610613905795
Os9,0.3476371243753422
Osbp2,0.22221278996252086
Osbpl11,-0.2308939633569052
Osbpl5,-0.224053211214029
Osbpl8,-0.1939702145939349
Osbpl9,-0.2659699578868636
Oscar,-0.6408806523040422
Oscp1,0.2344715420396851
Oser1,0.2789197299
Osgepl1,0.318709206041282
Osgin2,-0.2906798167831241
Osmr,0.11106931394510788
Ost4,0.7813373712974226
Ostm1,-0.238478065352604
Otub1,0.2722794138570336
Otub2,-0.2705026149838987
Otud1,-0.342064166383551
Otud3,0.3415801161598247
Otud4,-0.2880826206494757
Otud5,-0.2294369557612547
Otud6b,0.12206449151478806
Otud7a,0.04099298602019576
Otud7b,0.2475254480110936
Oxld1,0.491222085550697
Oxr1,0.2348406596038245
Oxsr1,0.006333254214523354
P2rx7,-0.240743151427527
P2ry1,-0.4444319344502411
P2ry12,0.013132279764100252
P2ry13,-0.29141543886319
P2ry6,-0.397951823933151
P3h2,0.3698767500371683
P3h3,0.3065137403491864
P3h4,0.3464109120554007
P4ha1,-0.32466548097798015
P4ha2,0.12070233424480666
P4htm,0.2321345573176522
Pa2g4,-0.29476660877500005
Pabpc1,-0.3577997340106959
Pabpc1l2a,-0.3556604984735769
Pabpc1l2b,-0.2730642269806731
Pabpc1l2b-ps,0.2351026987787597
Pabpc4,-0.3704178458135811
Pabpn1,0.8593008546547318
Pacrg,0.2645416613680663
Pacs1,-0.2387253977047051
Pacsin1,-0.11849792388151792
Pacsin3,0.4554298738365338
Padi2,-0.2564261456318396
Paf1,0.26772970625463577
Pafah1b1,-0.2334609644446924
Pafah1b3,0.3930116509616767
Pag1,-0.3334435313942331
Pagr1a,0.012365333626076891
Paip1,-0.26934956617428896
Paip2,0.5851969987250001
Pak1,0.307126404775
Pak2,-0.25293044123864594
Pak3,-0.2669045142170186
Pak5,-0.37383120601761316
Pak6,-0.020064440405611547
Pakap,0.1030464148630659
Pald1,0.25790383702146613
Palm,0.2536971700959621
Palm3,0.6225942084341788
Palmd,-0.3968116657663448
Pam,0.48131357807499997
Pam16,0.44144133490495174
Pan3,2.07233035922252
Pank1,-0.2003106028816759
Pank3,-0.33290329241717864
Pantr1,0.2847074422608291
Panx1,-0.2734001145055938
Panx2,-0.040252289168071054
Paox,0.4344961334376149
Papd4,-0.23324705465
Papola,-0.2757075035186741
Papolg,-0.3163413392261766
Pappa2,-0.7326651282756709
Papss2,0.03462530140931244
Paqr3,-0.0431196599875415
Paqr5,0.5872373430516644
Paqr6,0.2082319982070229
Paqr7,-0.2836305952346691
Paqr8,-0.003602609897760553
Paqr9,-0.276262695356424
Pard3,0.23205008668064886
Parg,-0.2536835443730073
Park7,0.5055549741950873
Parm1,-0.2620856377013347
Parp1,0.2338478594822611
Parp14,-0.17331621177954337
Parp2,0.528975552666667
Parp8,-0.24403803345797168
Particl,0.4641742440924247
Parvb,-0.2667493947302447
Patl1,-0.31437762409125497
Pawr,10.876390514029806
Paxbp1,-0.2030518609994542
Paxx,0.3688032992585819
Pbrm1,-0.0801228918820939
Pbx2,0.2556986871558553
Pbx3,-0.3391562252690396
Pbx4,0.2751075756511549
Pbxip1,0.2286407748788016
Pcbd1,0.5622484925070677
Pcbd2,0.3554946862405177
Pcbp1,-0.3536059837386406
Pcbp4,0.2108237796330636
Pcdh1,-0.332817987098909
Pcdh10,-0.05073503669669822
Pcdh11x,0.09379390399024351
Pcdh15,-2.9107628836250394
Pcdh17,0.09521424143650245
Pcdh18,-0.5284058469896892
Pcdh19,-0.1996573848830367
Pcdh20,-0.3127136292191891
Pcdh7,-0.18958907675425687
Pcdh8,-0.34754081550112076
Pcdh9,-0.19440543343454622
Pcdha1,-0.2616880166450081
Pcdha10,-0.25472041107235943
Pcdha11,-0.2068791176035711
Pcdha2,-0.2372318169105841
Pcdha3,-0.2007397342170225
Pcdha5,-0.23880966416591742
Pcdha6,-0.2628481504585658
Pcdha7,-0.2308523057429783
Pcdha8,-0.2739349240990744
Pcdha9,-0.2700157414956462
Pcdhac2,0.10276520671536665
Pcdhb12,-0.4733324904690106
Pcdhb13,-0.3618480964531927
Pcdhb15,0.3858090825915633
Pcdhb16,0.362610362863192
Pcdhb18,-0.3469166013530575
Pcdhb19,0.42618954571306034
Pcdhb2,-0.053493697193888246
Pcdhb21,-0.4287312597336416
Pcdhb3,-0.4582792861457565
Pcdhb9,-0.2040759830941215
Pcdhga10,0.2544404669057012
Pcdhga11,-0.09565558815614093
Pcdhga12,0.0935484809617303
Pcdhga2,0.15219142011652745
Pcdhga3,0.057024688726671595
Pcdhga4,0.12890910976787112
Pcdhga5,0.4233931508583506
Pcdhga6,0.3151422136433508
Pcdhga7,0.3608539492841998
Pcdhga8,0.022728317006812798
Pcdhga9,0.0883237067694358
Pcdhgb1,0.15453892446537895
Pcdhgb2,0.0636622849733623
Pcdhgb4,0.11140369786355547
Pcdhgb5,0.528794636586532
Pcdhgb6,0.3280277663977092
Pcdhgb7,0.4137637306389053
Pcdhgb8,-0.2990362510771411
Pcdhgc3,-0.3242187077099995
Pcdhgc4,-0.19298008474385794
Pcdhgc5,0.06677137057972277
Pced1a,0.30562934422567073
Pced1b,0.2331922731972741
Pcgf1,0.2303048861399743
Pcgf2,0.2316540088438936
Pcgf3,-0.31161543209050485
Pcgf5,-0.3645777886430383
Pcgf6,-0.4328363318270943
Pclo,0.3901616854357838
Pcm1,-0.078678151645883
Pcmtd1,-0.3287531135645634
Pcmtd2,0.24047609166673323
Pcna,0.2801049738577756
Pcnt,-0.3306493320313096
Pcnx,0.2588485127010264
Pcnx2,0.245742247318045
Pcnx4,-0.222035676807648
Pcp4,0.5166895311422086
Pcsk1,-0.39874734300181036
Pcsk1n,0.2256684925183129
Pcsk6,-0.2859444901024825
Pcx,0.2148138732016329
Pcyt1a,-0.2251919516556174
Pcyt2,0.29565549739864444
Pdap1,0.6187424691603085
Pdcd10,-0.04563841981328215
Pdcd2,0.2847989133051979
Pdcd2l,0.2346484718745423
Pdcd4,-0.24744578215
Pdcd5,0.5110550567760118
Pdcd6ip,-0.2597403463529476
Pdcl,-0.27010362225741547
Pde10a,-0.011210090315470905
Pde12,-0.2007281330660013
Pde1a,-0.3399278998333333
Pde3a,10.27189104156934
Pde3b,-0.3141151876672837
Pde4a,-0.2267909538876296
Pde4b,-0.10226834757960558
Pde4d,0.14130873196103158
Pde5a,-4.540880297348309
Pde6d,0.38375872184799503
Pde7a,-0.13492318076496376
Pde7b,-0.3071512670784353
Pde8b,-0.047856210659607185
Pde9a,0.4891046800390793
Pdhb,0.2846876639760126
Pdia4,-0.2570742268
Pdik1l,-0.23754980087126493
Pdk1,-0.2525770392505859
Pdk2,0.3213975858447184
Pdk3,-0.2289676311319532
Pdk4,-0.14918884350146053
Pdlim2,0.5804401078944134
Pdlim5,-0.28229391536632276
Pdlim7,0.17419319024997526
Pdp1,-0.3489508374957593
Pdpk1,-0.14685962722992116
Pdpr,0.11779489159559746
Pdrg1,0.4500489301662511
Pds5a,-0.2496597001222271
Pds5b,-0.09695543086047907
Pdxk,-0.2240595314423169
Pdzd2,0.16169933067602052
Pdzd8,-0.04238702101718468
Pdzd9,0.31243950813998
Pebp1,0.4421406243218208
Pecam1,-0.224460537209734
Pecr,0.46670867908634545
Peg10,-0.4408760780151904
Peg12,2.088428952839844
Peg3,0.014350833061574142
Peg3os,-0.4013306535165462
Peli2,0.3192069948877534
Peli3,0.277228000482202
Pemt,0.4794059646401521
Penk,0.2974676593488977
Pepd,0.2150018951531448
Per1,0.2267144810440002
Pet100,0.6756073452839183
Pet117,1.4457288654829312
Pex1,-0.2097177542863494
Pex10,0.4121977581416579
Pex11a,0.287111319653916
Pex11b,0.28144199349636756
Pex13,-0.27576382517820813
Pex16,0.2981050841846031
Pex3,-0.2058558634053161
Pex5l,0.044988390593111646
Pfdn1,0.5802121665973581
Pfdn2,0.42297443623343584
Pfdn5,0.36017042366457414
Pfdn6,0.6196807802002091
Pfkfb2,-0.2800431581748544
Pfkfb3,-0.24644480602604726
Pfkl,0.29245444650660257
Pfkm,0.024151112149045435
Pfkp,0.2624269170361947
Pfn1,0.23655042857193473
Pfn2,-0.027144106835422538
Pgam2,0.3782639190788427
Pgam5,-0.2129570772448728
Pgap1,-0.4333613303971146
Pgbd5,-0.2215993299305082
Pgd,0.28637076170991954
Pgf,0.4029079449743656
Pgls,-0.234271399927918
Pglyrp1,0.4226974221901345
Pgm2l1,-0.15717627687853192
Pgm5,-0.6138834809339241
Pgpep1l,0.005671005079071853
Pgr,0.4190772200105941
Pgs1,-0.2254223094107287
Phactr3,0.1335020791776931
Phax,0.25337041688208584
Phb2,0.2811222179386393
Phf10,-0.2608871914055746
Phf11d,0.3269146672
Phf12,0.23944623066995696
Phf13,0.3602653298308846
Phf14,-0.2849731276793425
Phf2,-2.095538749677172
Phf20l1,-0.18225876161552926
Phf6,-0.4870418814211119
Phf8,0.07645080814735836
Phip,-0.4691192205978928
Phkb,-0.23763665620315372
Phlda1,-0.21251532946978505
Phlpp1,-0.11800546563553303
Phospho2,-0.354146939874942
Phpt1,0.650055009775569
Phrf1,0.20658767015
Phtf1os,-0.2448950300023863
Phtf2,-0.09343028645939963
Phyhd1,0.405394699607815
Phyhip,0.0008670269215975135
Phyhipl,-0.3175868737414625
Pi15,-0.8710370474472031
Pi4k2b,-0.4461635370665613
Pianp,-0.3236547609850207
Pias2,-0.25190637765671753
Pias3,0.2551453053
Pibf1,-0.0825282578836779
Picalm,-0.037044604107485314
Pick1,0.42741783187249216
Pid1,-0.2574169987855134
Pif1,1.8747150003113728
Piga,-0.4336818512364119
Pigbos1,0.5818226953856175
Pigf,-0.4781002024324117
Pigg,-0.066145516380126
Pigh,-0.2119502754
Pign,-0.31501306670971263
Pigp,-0.22719032926954094
Pigs,-0.20658037994518091
Pigt,-0.13631018509541612
Pigw,-0.4301038092548661
Pigyl,0.3952330666085801
Pigz,0.345928813
Pih1d1,0.22358404024453055
Pik3ap1,-0.462412118896304
Pik3c2a,-0.27242846956307987
Pik3c2b,-0.3307535062181179
Pik3ca,-0.3078591035646835
Pik3cb,-0.2051788284513174
Pik3cg,-0.5340863933558647
Pik3ip1,0.3135670208349308
Pik3r1,-0.2345046931077463
Pik3r3,-0.26241279291365294
Pik3r4,0.2074599257500166
Pikfyve,-0.005596967949741502
Pim3,0.747108015078044
Pin1,0.5671553675223087
Pin4,0.7022870433410141
Pink1,0.26120966185721595
Pip4k2c,0.2551123870697317
Pip4p2,-0.3924481184800576
Pip5k1c,-0.3363849903817779
Pipox,6.551441890140179
Pir,0.5021165829011303
Pisd-ps1,1.423255730217936
Pisd-ps2,-0.3889329687671411
Pithd1,2.052660467083203
Pitpna,1.4939648806324737
Pitpnb,-0.27538198310202905
Pitpnc1,-0.29825372981351583
Pitpnm2,0.3248958412814978
Pitpnm3,-0.227688669313478
Pitrm1,0.2207273346534251
Pja1,0.22060436981530857
Pja2,-0.23981026437000438
Pkd2l2,-0.28296563636857963
Pkia,-0.40717653653030367
Pkig,0.38074568722499946
Pkm,0.3630350672490721
Pkn2,-0.37391616244503356
Pknox1,-0.2669073729247975
Pknox2,-0.2038026179292063
Pla2g2c,3.324829000657557
Pla2g3,0.5583400953607097
Pla2g4a,-0.3551876857092382
Pla2g4b,-0.4109189522697626
Pla2g6,0.2380099074
Pla2g7,-0.2905734603422505
Plaat3,0.3303902742790582
Plac8,0.3090328756
Plac9a,1.2969818065897738
Plat,0.2138211750731398
Platr25,-0.4556765928769868
Plb1,0.604410612546747
Plcb1,-0.038933229051430845
Plcb2,5.774698816491581
Plcb4,-0.3673229275911566
Plce1,0.2959981207265336
Plcg1,2.808043944153966
Plch1,-0.285178424872095
Plcl1,0.027374823392050746
Plcl2,0.24721931003643782
Plcxd1,0.2457833859981252
Plcxd2,0.04302282554112263
Plcxd3,0.8226525466336659
Pld1,0.2261279434833251
Pld2,-1.690146593391736
Pld3,-0.0446362689128368
Plek,-0.2539682687101877
Plekha1,-0.33111589539999997
Plekha2,0.2578374415418403
Plekha3,-0.3059584880754083
Plekha4,0.286157505245
Plekha5,0.2092687664
Plekha8,-0.3122808499876978
Plekhf1,0.515928452131349
Plekhf2,-0.6529574314251724
Plekhg1,-0.2842069902432831
Plekhg4,-0.39055453365692056
Plekhh1,-0.4183669486549345
Plekhh2,6.232323288775155
Plekhj1,0.5333782547737507
Plekhm1,-0.3076047402525205
Plekhm2,-0.2221587561148376
Plekhm3,-0.4162166571582189
Plekhn1,-0.3507215362369461
Plekho2,-0.3220528202255565
Plin3,0.4280235654172553
Plin4,1.382484292676555
Plk1,-0.5321664909159844
Plk4,-0.384473265284568
Plk5,-0.4026107785874704
Pllp,0.3924644848770601
Pln,-1.087803107484702
Plod1,-0.24738242308966
Plod2,-0.3477313112213947
Plp2,0.5610799300708035
Plpp1,0.31501541624173285
Plpp6,0.3104515994206577
Plppr1,-0.3737849802050033
Plppr5,-0.3095172052876401
Pls1,-0.3906354039224382
Pls3,-0.279752212
Plscr2,0.5181794636718354
Plscr4,-0.0918858862869365
Plvap,0.42359630361157163
Plxdc1,-0.3043395549709614
Plxdc2,-0.1308474641408969
Plxna1,0.030605723714000804
Plxna2,0.2366260708658254
Plxna3,-0.2232940742534341
Plxna4,1.1083829627399557
Plxnb1,0.2149658845241943
Plxnd1,-0.3560511156412602
Pmepa1,-0.27580157934239236
Pmf1,0.4732617894679016
Pml,-0.3288230068957413
Pmm1,0.35341827737926085
Pmpcb,0.528565126875
Pmvk,0.4203907587072802
Pnck,0.2971699718199042
Pnkd,-0.22675770250638097
Pnma2,0.2313075128584886
Pnma3,0.3788806500553699
Pnn,-0.1367073409684678
Pno1,0.3078207518286298
Pnp,-0.2484173629313215
Pnpla2,0.35882801613814547
Pnpla3,0.02644321134633067
Pnpla7,-4.149952381456442
Pnpla8,-0.2484812719392818
Pnpt1,-0.2242035150408985
Pnrc1,0.5979877944169825
Pnrc2,-0.13210258398159624
Poc1a,0.3733860124745095
Poc1b,-0.28973877420337946
Podxl,0.2435174918
Podxl2,0.2697709057417968
Pogk,-0.2090817305515067
Poglut1,-0.29979811924210986
Pogz,-0.2010862172576302
Pola2,0.2669729270793178
Pold2,-0.5583080658032836
Pold4,0.36978608781966654
Poldip3,-0.21838091195
Pole,6.70177978427445
Pole3,0.43461033621143375
Polg,0.3191884426
Poli,-2.9460756321806443
Polq,0.7720014354195301
Polr1a,0.38370016261833045
Polr1c,0.32708215314043243
Polr1d,0.4740614330363283
Polr2a,0.05869354200756277
Polr2c,-0.2622756498228287
Polr2d,0.2117287443700972
Polr2e,0.35683409551943485
Polr2f,0.4320868424478035
Polr2g,0.316714500050001
Polr2i,0.3432733187075598
Polr2j,0.31119475071831765
Polr2k,0.3895330177600022
Polr2l,0.5271412042623297
Polr3b,0.2080334730857656
Polr3d,0.3997731550562695
Polr3f,-0.23367017267639836
Polr3gl,0.22253581608983364
Polr3k,-0.3514946119375017
Pom121,0.12565974746847675
Pomc,0.09887596000390575
Pomp,0.16422661562531018
Pop4,0.22217635780863615
Pop5,0.14401918241677142
Pop7,0.3364033781640618
Por,0.2363734594421839
Pot1a,-0.2024082124810267
Pou2f1,-0.3158155472104948
Pou3f2,-0.3353450492542541
Pou3f3,-0.2277606618586495
Pou3f4,-0.5111979697814948
Ppa1,-0.2112676039935037
Ppan,0.32502863735273535
Ppara,0.6633906944622072
Ppargc1a,-0.13608577303286734
Ppargc1b,0.3920952782861591
Ppcs,-0.2517006300461996
Ppdpf,0.2322390211304559
Ppfia2,-0.2731034102540782
Ppfia3,-0.33119283262533
Ppia,0.23466665427794783
Ppib,0.2431782805527736
Ppie,0.3171707114246953
Ppih,0.3318062889723932
Ppil1,0.23226346576026902
Ppil6,0.5008202447685914
Ppip5k2,0.17576188125201792
Ppl,0.5626637001057884
Ppm1a,1.3160375790078818
Ppm1b,0.8853418102943079
Ppm1d,0.4813956253855512
Ppm1e,0.286832673528956
Ppm1g,0.2438993979179304
Ppm1k,-0.2617959275132774
Ppm1l,-0.0677498418590415
Ppm1m,0.2756203521958287
Ppox,0.362102559191806
Ppp1ca,0.2366991352155438
Ppp1cb,-0.35046243889106005
Ppp1cc,-0.2039707392
Ppp1ccb,0.38369666626166055
Ppp1r10,-0.4516359525129959
Ppp1r11,0.40139862790784786
Ppp1r13b,-0.3154310214621726
Ppp1r14a,0.8011034673977998
Ppp1r14b,0.38343670256716944
Ppp1r15a,0.4823180140066998
Ppp1r16b,0.23074796111131468
Ppp1r17,11.200549192908607
Ppp1r18,0.2550226229126188
Ppp1r1a,0.4500110648467895
Ppp1r1b,-0.13868976165960428
Ppp1r21,-0.2381370075710286
Ppp1r35,0.2669112350385466
Ppp1r37,0.2716509878571545
Ppp1r3c,-0.37758747795753156
Ppp1r3d,-0.2977808287919238
Ppp1r3e,0.23052762361020424
Ppp1r3g,0.19112489471336966
Ppp1r7,0.2660286657992997
Ppp1r8,0.2237743754008675
Ppp1r9a,0.2865887229204675
Ppp1r9b,0.07162646838317697
Ppp2ca,2.709384508951055
Ppp2cb,-0.2081511290258134
Ppp2r1b,-0.36354928622320737
Ppp2r2a,-0.284664329280297
Ppp2r2c,0.2752792560990876
Ppp2r3a,-0.09405052099043106
Ppp2r3c,-0.22406667413522763
Ppp2r3d,0.2562224650755088
Ppp2r5a,-0.2777161311592989
Ppp2r5b,0.2230837565913714
Ppp2r5c,-0.3352571335694107
Ppp2r5d,-0.4462204139614001
Ppp2r5e,-0.08060989954240592
Ppp3ca,0.6650778428813539
Ppp3cb,-0.3568469574864998
Ppp3r1,-0.4061278084901559
Ppp4r1,-0.2653645965404527
Ppp4r2,-0.04178241543598196
Ppp4r3a,-0.13314832967875137
Ppp4r3b,-0.3193316074561321
Ppp4r4,-0.26854020061053546
Ppp6c,-0.3751489727696171
Ppp6r3,0.18231304139402246
Pprc1,-0.2978316963527652
Pptc7,-0.2172392513159274
Pqbp1,0.23994731397181499
Pradc1,0.1607970399017948
Prag1,-0.30498209791254133
Pram1,0.5258573579621885
Pramel12,-0.2288251606998737
Prcc,0.2309080587046005
Prdm11,0.2723693628963959
Prdm2,-0.28909941979383585
Prdm6,-2.6073011159511967
Prdm8,0.6234113262012951
Prdm9,0.3324201829890551
Prdx1,0.07819855621350026
Prdx5,0.6214277121236822
Prelp,0.3727908368360799
Prepl,-0.09165338878509062
Prex1,-0.28384371702136857
Prex2,-0.14517534940439372
Prf1,0.46969003905
Prickle2,0.028370051626725457
Prickle4,0.6186849711863717
Prkaa1,-0.25793323075057695
Prkaa2,-0.16583232350358834
Prkaca,0.9564396981855303
Prkacb,-0.2365612918463202
Prkag2,-0.2186784133932665
Prkar2a,-0.2463054036639127
Prkar2b,0.7275056053633607
Prkcb,0.8143052022063538
Prkch,-10.695801894754052
Prkcsh,0.2235606346555235
Prkcz,-0.2736922827
Prkd1,0.3232598858
Prkd3,-0.4130858025008697
Prkdc,-0.2020330291922853
Prkg1,-0.2985075432410086
Prkra,-0.4394337032560153
Prkrip1,0.3930363357112046
Prkx,-0.28868942895198424
Prlr,-0.4542223166107162
Prmt5,-0.041659280243624336
Prmt7,0.2355961842
Prn,-1.1919883607636326
Proca1,0.3425204838002423
Prodh,0.2761311395979575
Prom1,-0.3319297660654608
Prorp,-0.2571142314304027
Prorsd1,0.379922721121287
Pros1,-0.3504187060706268
Proser1,-0.2822480069081193
Prox1,-0.5580278811010813
Prpf31,0.2705449053979023
Prpf38a,0.238072976025
Prpf39,-0.4731576756892097
Prpf40a,-0.22965671292032475
Prpf40b,0.25347265895
Prpf4b,-0.2356341429678445
Prpf8,0.24007833376960075
Prph,0.969084498623114
Prps1l3,-0.2526258136556291
Prps2,-0.27110387291758586
Prpsap1,-0.2049244618034252
Prr12,0.2394168551944053
Prr13,0.2113754353364188
Prr14l,-0.04126510277857812
Prr16,-0.6222873774674382
Prr36,-0.3880258438354742
Prr5,0.15333850312176533
Prr7,-0.2918536081576983
Prrc1,-0.2032916484634507
Prrc2a,0.007136221068329858
Prrc2b,0.17225727850453262
Prrc2c,0.30318583859249654
Prrg1,-0.42716232579999397
Prrg3,-0.2784512148443894
Prrt1,-0.2215924278563398
Prrt2,0.274852715782229
Prrx1,-0.173289391362484
Prss12,0.5219342489911173
Prss23,0.979194606810205
Prss35,0.3396658514355227
Prss36,0.2912812408574138
Prune2,-0.242417215241742
Prxl2a,0.2128541616029611
Prxl2b,0.3864232794959257
Psd2,-0.2931152694074906
Psd3,0.06392811006695155
Psen2,0.2205363807104783
Psenen,0.37317091784267153
Psg23,0.35122033265
Psip1,1.761745394438972
Pskh1,0.2489271264
Psma2,0.2484745448090011
Psma3,0.3304634926023939
Psma4,0.34311670363134095
Psma7,0.45440170533324226
Psmb10,0.34379835380160656
Psmb2,0.3811593547131715
Psmb3,0.3023247719350022
Psmb4,-0.2080794179659872
Psmb5,0.5512205321701658
Psmb6,0.3889028595811244
Psmb7,0.396363796732167
Psmb8,-2.1164274744370064
Psmb9,0.3539549972
Psmc3ip,0.2764835257836574
Psmc5,0.270420601424532
Psmc6,-0.2063982545645165
Psmd10,0.2295565073420445
Psmd4,0.2753450517261053
Psmd5,-0.25869559731059444
Psmd7,0.25705091763420174
Psme2,0.47226040787364487
Psme4,0.004555187592523796
Psmg2,0.02601243771313347
Psmg3,0.3471576352618895
Psmg4,0.2184161479026372
Psors1c2,1.9626790308860127
Pspc1,0.2277105698197981
Pstk,0.40939622815523175
Ptar1,-0.22593145878325172
Ptbp2,-0.3952417683027193
Ptbp3,-0.44606156891670423
Ptcd2,-0.2540551676756913
Ptcd3,-0.2109624672055599
Ptch1,-0.18719743072317177
Ptchd1,-0.32799490891148453
Pten,-0.4349346554232862
Pter,-0.49674639261298914
Ptgds,-0.3817452383440012
Ptger2,-0.5492884598519479
Ptges3,0.03921213138553072
Ptges3-ps,-0.37572718865386334
Ptges3l,0.6239022230078878
Ptgfrn,0.05140900960614403
Ptgis,0.9698583031573089
Ptgr1,10.450660905474843
Ptgr2,0.34948941716499976
Ptgs1,-0.2364213450092384
Ptgs2,0.9744049674284163
Ptk2,-0.2782360682991286
Ptma,0.6626774918926519
Ptms,0.2204424287423481
Ptn,0.2028891017246017
Ptov1,2.7967685847493313
Ptp4a1,0.13147816725646652
Ptp4a2,-0.010860524354370201
Ptp4a3,0.33370196993145895
Ptpmt1,0.2638574039579469
Ptpn1,0.45230811842499996
Ptpn12,-0.25048901466965967
Ptpn14,0.4989986282304887
Ptpn22,-0.6980969861851849
Ptpn4,-0.18938310260353802
Ptpn5,-0.2215964327202943
Ptpn9,-0.3118150598690903
Ptpra,0.6482932987000001
Ptprc,0.5263024031852445
Ptpre,0.2279365124592653
Ptprf,-0.04649199073467067
Ptprg,-0.2252291669787038
Ptprj,0.2923383958128276
Ptprn,-0.2260192767724918
Ptprn2,0.14975575391274062
Ptpro,-0.3329200440427911
Ptprs,0.34243172015
Ptprt,-0.049013316245390064
Ptprz1,-0.055748519983649526
Ptrh1,0.5413548356041028
Ptrhd1,0.2611788750607712
Pts,0.2501634325770503
Pttg1,0.2836845927748525
Pttg1ip,-0.23376234251637426
Pum1,-0.026881012568619606
Pum2,-0.35700704945100126
Purb,-0.3948358520511359
Purg,-0.3223500406472046
Pus1,0.5247485512877248
Pus10,-0.2453750002507741
Pusl1,0.2179752446646959
Pvalb,0.5702807911917811
Pvt1,-0.2693654816231077
Pwwp3a,0.2685287328645616
Pwwp3b,-0.3929985529821025
Pxdn,5.336716555247742
Pxk,-0.23269322148231836
Pxmp2,0.4053028198095679
Pxylp1,-0.2320118209917621
Pycr2,0.2131543722581288
Pygb,0.35081921965
Pygl,0.2480011499248713
Pygo1,-0.2869358123644094
Pym1,0.44123201277109636
Pyurf,-0.2241923515589391
Qdpr,0.08841885906938621
Qk,-0.4646585615216658
Qpct,-0.3146499552371609
Qser1,-0.3156654585279145
Qsox1,0.2145303484249272
R3hcc1,0.08721709622084574
R3hdm1,-0.2630766004639601
R3hdm2,0.32520188691632573
R3hdm4,0.26398634161718676
Rab10,-0.24830952548310115
Rab10os,0.4925499941715374
Rab11a,-0.5263630648634757
Rab11fip1,-0.5805378003854232
Rab11fip2,-0.03655486773696354
Rab11fip3,-0.2458077094826974
Rab12,-0.29873563175
Rab13,0.28105930799259926
Rab14,-0.2742035070538668
Rab15,-0.2451708716051371
Rab18,-0.5169872342886384
Rab1a,-0.3000952275785783
Rab21,-0.2810911739466592
Rab24,1.3203934698705773
Rab26,0.3755061194216241
Rab26os,0.7491180435407262
Rab27b,-0.20196866685973797
Rab2a,-0.2317153726162928
Rab30,-0.10883770079966572
Rab33a,0.1090188567610067
Rab33b,0.2543151410080073
Rab37,-3.420439010513823
Rab39,-0.5223917539535705
Rab39b,-0.6234469168637061
Rab3a,-0.10125224061504494
Rab3b,-0.2748122187034795
Rab4b,0.3459064503799182
Rab5a,-0.2899376340371188
Rab5c,0.12086649275354171
Rab6a,-0.3203158982844332
Rab8a,0.25613061741207793
Rab8b,-0.34980646910918983
Rab9b,-0.34348437982215574
Rabac1,0.3313446845052469
Rabep1,-0.027206787922948852
Rabepk,-0.27549897320025585
Rabgap1l,-0.26065590732360383
Rabl3,-0.9347311680157561
Rabl6,-0.2336672358744078
Rac1,-0.2507235026939763
Rac3,0.7030465838497401
Rad1,0.11288476364470561
Rad17,0.01198875882943809
Rad18,0.5002379817429581
Rad23b,0.2097704632070035
Rad51c,-0.3377451744143228
Rad54b,-0.2690076332
Rad9b,10.35884028770247
Rae1,0.2136396393314312
Rai1,-0.11707055363073031
Rai2,0.2338775176901963
Ralb,0.2804147138094599
Ralgapa1,0.5669202639993306
Ralgapb,0.2267967019904156
Ralgds,0.6531228835260114
Ralgps2,-0.31876348449246344
Ramp1,0.3872028675924133
Ramp2,0.31910655111617103
Ranbp1,0.30331400653642515
Ranbp2,-0.0641687988491662
Ranbp6,-0.19740644233154417
Ranbp9,-0.26493041494123915
Rangrf,0.3018727110502032
Rap1a,-0.014798625225238338
Rap1b,0.4718863794350272
Rap1gap,-0.3489835162909137
Rap1gds1,0.37058863921517476
Rap2a,-0.22285036081271675
Rap2b,0.2754783553286518
Rap2c,-0.4364549487120679
Rapgef1,0.004208668372840146
Rapgef2,0.03984526986654219
Rapgef3,0.2336226442175777
Rapgef3os2,0.4819928773120059
Rapgef4,-0.23327924191977384
Rapgef5,-0.2290301128007554
Raph1,-0.2281174726425821
Rarb,-0.0732138565946546
Rars,-0.2272233409665778
Rars2,0.2458231599412648
Rasa1,-0.2431908151674337
Rasa2,-0.1339879681737983
Rasal2,0.11340956157231147
Rasd1,0.4553443683881801
Rasd2,-0.4120429672570358
Rasgef1c,0.3071145136405513
Rasgrf1,0.06778325151320147
Rasgrf2,0.23948979689878158
Rasgrp1,-0.3459014567511793
Rasgrp3,-0.2803645550643278
Rasl10b,-0.4505046987583158
Rasl11a,1.079917397658469
Rasl11b,1.013925537011627
Rassf3,0.5870718492
Rassf4,0.2511897013329829
Rassf8,0.3201293085931468
Raver2,-0.2572695873527351
Rb1,-0.38526554429607196
Rb1cc1,-0.14173451021664094
Rbak,0.2018474391745524
Rbbp5,-0.2091925642
Rbbp7,0.02497324711834986
Rbbp9,0.2621575774496285
Rbfa,0.2572138027094803
Rbfaos,0.3666699697732858
Rbfox1,-0.24502270905
Rbfox2,-0.35069606355000005
Rbfox3,0.09239090674318627
Rbis,0.35726157472904885
Rbl1,2.5835494242362427
Rbl2,-0.2781619636109311
Rbm12,-0.6473276524221112
Rbm12b2,-0.054561299059460666
Rbm14,-0.1035071372235234
Rbm15,-0.2529530190520751
Rbm17,0.2565245931232603
Rbm18,-0.12527852530248068
Rbm24,0.2713927618550157
Rbm26,2.2499336521079703
Rbm27,-0.11891362707745945
Rbm28,-0.3458460579716282
Rbm3,0.220637230526647
Rbm38,-0.17978132937485575
Rbm39,-0.29749299855
Rbm4,-0.7555119991393506
Rbm41,-0.3615278087111209
Rbm42,0.2348620134701628
Rbm43,0.2194496706626321
Rbm6,-0.22694278605
Rbm8a,0.15667119452814746
Rbms1,-0.011618411119071137
Rbmx2,0.4099017536536387
Rbmxl1,0.3414675788887678
Rbpj,-0.24631209399367443
Rbpms,-0.4567865299843336
Rc3h1,-0.1681277140352179
Rc3h2,-0.39362473764127254
Rcan3,-0.2053921234703468
Rcbtb1,0.2231849619385799
Rcc1,0.3547429118642174
Rcc1l,0.3142708387828547
Rccd1,0.39685508429810556
Rchy1,-0.2817636131025655
Rcor1,-0.35054786559315365
Rcor3,-0.3322959770088441
Rdh9,0.9783752330656352
Rdx,-0.2291543379879939
Recql,0.2344906051920743
Reep2,0.25079067467421035
Reep3,-0.2614281120390545
Reep6,-0.07393201005423952
Relch,-0.3088448644139956
Rell1,-0.3218137421271191
Rell2,0.0485887737096826
Reln,-10.570192829588684
Relt,0.3911480899757094
Reps1,-0.2000487327781373
Reps2,-0.12251499801427973
Rer1,0.443902592325
Resf1,0.004276496338887631
Resp18,0.3922549132291376
Ret,-0.9863806472274236
Retreg1,-0.26766288901322444
Retreg2,0.2057288235698486
Rex1bd,0.42492794139573525
Rexo1,-0.0719106966971433
Rexo2,0.2605283643055121
Rexo4,-0.2450008731729688
Rexo5,4.672922506173903
Rffl,-0.2179355599363663
Rfk,-0.2522115692465815
Rflnb,-0.46581319015001005
Rfx1,0.2046325725006899
Rfx3,-0.3676722424767961
Rfx4,-0.38898346979923953
Rfx7,-0.28506728169710877
Rfxap,1.1518467514741284
Rgcc,0.15792717443295426
Rgl1,-0.2225647246331134
Rgl2,0.2239813829076703
Rgma,0.21206386345429937
Rgmb,-0.2150894114852402
Rgs10,0.2392732065584333
Rgs11,-0.2065738941760642
Rgs12,0.2045782226467672
Rgs13,-0.7058579015717277
Rgs17,-0.4363132914878801
Rgs20,-0.3069748507915573
Rgs22,-10.748451513567248
Rgs4,-0.23420148578333333
Rgs5,-0.2903248384734475
Rgs6,0.29843320149771185
Rgs7bp,-0.306053124052982
Rgs9,0.36039258606468005
Rhbdd2,-0.201842277964138
Rhbdf1,0.2318352853515826
Rhbdf2,-0.7788932622069912
Rhbdl1,0.21767769118041
Rhbdl2,0.4907997135
Rheb,-0.09551728276350135
Rhoa,-0.2223020249685226
Rhob,0.3064729649119599
Rhobtb1,-0.3781809674263813
Rhobtb2,-0.2935782871187319
Rhobtb3,-0.13743082573003673
Rhoc,0.3920010058414306
Rhoj,0.2263324126963097
Rhoq,-0.32398242392488136
Rhou,0.36571757840939517
Rhov,0.5322958750117271
Rian,-0.373184600800809
Ric1,0.3681863911255114
Ric8b,-0.27109399924570743
Rictor,0.05106889151562244
Rida,0.4187327499382223
Rif1,-0.10300808906556207
Rilpl1,0.3000564778623771
Rilpl2,0.3690177533493552
Rimbp3,-10.887299008123776
Rimkla,-0.2197143375047198
Rims1,-0.15197802128193671
Rims2,-0.2011786219484357
Rims4,-0.4509420858923063
Rin2,0.3753561749087434
Rin3,0.3729172666541326
Ring1,0.3594743911650971
Rint1,-0.36470042740855546
Riok1,0.2033674767107402
Riok3,-0.2111715359104558
Riox2,0.32320325213181544
Ripk1,-10.09096628729614
Ripk4,13.429159457699198
Ripor2,-0.24477791111621294
Rit1,0.2197176294042525
Rit2,-0.2396027147598909
Rita1,0.3126515123971214
Rlbp1,0.2655257277445812
Rlf,-0.3036272939928957
Rlim,-0.31605441000509193
Rmdn1,-0.4216430224469097
Rmi1,-0.2756808740355265
Rmnd1,-0.2825292509143939
Rmnd5a,-0.10050675601150323
Rmrp,0.724562387663455
Rmst,-0.4308217083158855
Rn7s1,0.5475870238512801
Rn7s2,0.6168080552007016
Rn7sk,1.9406129619723025
Rnase6,-9.356828049002624
Rnaseh1,0.5001473077329395
Rnaseh2c,0.6428527767486861
Rnaset2a,0.9962111973767189
Rnaset2b,1.0255330673057148
Rnd2,0.5653069397799649
Rnd3,-0.039906655470445355
Rnf10,-0.2453556887454573
Rnf11,0.293305825421883
Rnf111,-0.3393071250017775
Rnf113a1,0.3860599597736904
Rnf115,-0.2308579458428558
Rnf125,-0.4201891341989784
Rnf128,-0.2210058501916185
Rnf13,-0.1640325767576293
Rnf130,5.169226066442013
Rnf138,-0.2542745923502336
Rnf139,-0.3654118814520775
Rnf14,-0.34904340377007903
Rnf141,-0.2789498089886997
Rnf144b,0.2448828736363678
Rnf150,0.2487905760895238
Rnf152,-0.0685679016080426
Rnf157,-0.08027660147623807
Rnf167,-0.31522730905
Rnf168,0.3370675647
Rnf169,0.6486536998564696
Rnf170,-0.33554407008127246
Rnf180,-0.2289239697366051
Rnf181,0.2270089459902978
Rnf182,-0.2160755247933697
Rnf187,3.2424216866263604
Rnf19a,-0.3099309834725846
Rnf19b,3.0475875173473903
Rnf2,-0.11292362650264226
Rnf20,0.31759807225
Rnf207,0.4922823055168509
Rnf214,0.22404918630528106
Rnf216,-0.27632446307545
Rnf217,-0.0856067062765368
Rnf220,0.2431074028753841
Rnf24,-0.3475886438050105
Rnf25,0.248669436742248
Rnf32,-0.3113127135915048
Rnf34,-0.3014464539
Rnf38,-0.2202318815067082
Rnf4,-0.2504042321186611
Rnf43,-0.3045422664903268
Rnf5,0.3305348443169983
Rnf6,-0.6932934042387866
Rnf7,0.261351474643555
Rnft1,-0.583426679679793
Rnft2,-1.5840591103711024
Rngtt,-0.33404327193200684
Rnh1,-0.3055770103386129
Rnpc3,-0.5554340178239199
Rnpep,-0.08805785254462757
Rnpepl1,-0.25161952114014685
Rnu6,-0.2394323808
Rny3,-0.7812522913536016
Ro60,-0.42881608215998224
Robo1,0.06484090695686262
Robo2,0.0243626662107031
Rock1,-0.15648106238724926
Rock2,-0.16340415743057093
Romo1,0.5787574629944361
Rorb,-0.3536343288356122
Rp2,-0.4319824392225015
Rp9,0.39610626999447063
Rpa3,-0.3722620592263933
Rpain,0.132222492666274
Rpap1,-0.2142577533162912
Rpap2,-0.2028489126781938
Rpe,-0.29622400525996095
Rpgr,0.3315907860716736
Rpgrip1,0.2383488394302295
Rpgrip1l,-0.07350354768758287
Rph3a,-0.012610687976984086
Rph3al,-0.4553034592665065
Rpia,-0.2225527229146923
Rpl10,0.2384343280920867
Rpl10a,0.3517562280732933
Rpl11,0.5311544458717852
Rpl13,0.31560459062032076
Rpl13-ps6,-1.907197003993504
Rpl13a,0.20979326259164027
Rpl14,0.22484802257277364
Rpl14-ps1,0.4649105219529311
Rpl15,0.31193944201863366
Rpl17,0.284807928353184
Rpl17-ps10,-0.6875318641870634
Rpl18,0.3831999576552937
Rpl18a,0.2786168777962573
Rpl19,0.29748320933816846
Rpl19-ps11,0.3189024731322257
Rpl21,0.44159074664039133
Rpl22,0.2780534841660164
Rpl22l1,-0.34732535949711874
Rpl23,0.5018808084094128
Rpl23a,0.5567451125553893
Rpl24,0.03699664269512952
Rpl26,0.1872328265952134
Rpl27,0.2610503213608994
Rpl27a,0.2948510116132048
Rpl27a-ps4,-1.3662313144789726
Rpl28,0.39337216507255085
Rpl29,0.22720089502764798
Rpl30,0.5326932500412661
Rpl31,0.3775700543935674
Rpl32,0.3682769305712084
Rpl32l,-1.3918850936006093
Rpl34,0.23904563752141308
Rpl34-ps1,-1.283831882500308
Rpl35,0.4833815291962618
Rpl35a,0.5220264374899852
Rpl36,0.4701159880193159
Rpl36a,0.7007042472117779
Rpl36al,0.39085513554098494
Rpl37,0.6981924460635476
Rpl37a,0.3770456240789577
Rpl37rt,-0.27437763077249
Rpl38,0.5797322876285457
Rpl39,0.11557421269630293
Rpl4,0.2218552576570502
Rpl41,0.6162462602570052
Rpl6l,-0.9261739036786212
Rpl7a,0.45055423949592716
Rpl8,0.431366934920047
Rpl9,0.2233317783719165
Rpl9-ps6,0.3464046718052728
Rplp1,0.25816375054112944
Rplp2,0.5485037059124888
Rplp2-ps1,-0.8980949264801383
Rpp21,0.46664274935425337
Rpp25,0.37458410261634156
Rpp25l,0.44561109378097036
Rpp30,0.4299004856920058
Rpp38,-0.12320743866932836
Rpph1,2.0995842272695553
Rprd1a,-0.2900001315895411
Rprm,0.4675128328802276
Rprml,0.6182950852923423
Rps10,0.30780367833813743
Rps10-ps1,-0.6283714601402611
Rps11,0.26436553350613634
Rps12,0.23601844602734606
Rps13,0.3956063119676059
Rps13-ps2,-0.6805344215773069
Rps14,0.11994911088581511
Rps15,0.45950489667021027
Rps15a-ps6,-1.4410144139994765
Rps16,0.35820600358518584
Rps17,0.2698115776703801
Rps18,0.30352881976762885
Rps19,0.3468480672360966
Rps19bp1,0.35394637760411435
Rps2,0.37559543879772883
Rps20,0.2478124738747883
Rps21,0.9223946298467748
Rps23,0.5510996049479857
Rps23rg1,-1.1879501508501817
Rps24,0.30407326344274016
Rps25,0.22387163129936813
Rps26,0.42144679070181057
Rps27,0.3786904023866659
Rps27a,0.1675068760597326
Rps27l,-0.09300469137150354
Rps27rt,0.7449588696967738
Rps28,0.5281140134526059
Rps29,0.827912270422024
Rps3,0.43331974253165195
Rps3a1,0.202319735590144
Rps4l,0.2292036118967738
Rps6,0.285620836773637
Rps6ka2,-0.2876516101852989
Rps6ka3,-0.31251731828773915
Rps6ka4,0.3504158611784878
Rps6ka5,-0.17535109502937712
Rps6ka6,-0.18004865591579525
Rps6kb1,-0.3357289945830896
Rps6kb2,0.3197774797973677
Rps8,0.23761588192084332
Rps9,0.3308949533586159
Rpsa,0.2456164842116592
Rptor,0.2657503466239351
Rpusd2,-2.7506744568496266
Rrad,1.8984354568616324
Rragd,-0.28503107597466903
Rras,0.3710092897442808
Rrm1,-0.2124301386211753
Rrm2b,-0.11603565933136728
Rrn3,-0.325053681322862
Rrp1,0.3480364616649086
Rrp12,0.2408087904403861
Rrp15,0.2748486344568792
Rrp1b,-0.216658285275
Rrp36,0.26524160565155586
Rrp7a,-0.01887302337943335
Rrp9,0.3672636427042345
Rrs1,1.1252595428330727
Rs1,0.4147492145974888
Rsad2,0.12259313846391418
Rsbn1,-0.44599269939182307
Rsbn1l,-0.4131058197053378
Rsf1,-0.32246928585
Rskr,0.5841592247580467
Rsl1,-0.3641653210127795
Rsl24d1,0.09549343029597784
Rsph1,-0.014206827117706822
Rsph3b,-0.272674041215094
Rsph9,0.3486769355515667
Rspo3,-0.3986114087983027
Rsrc1,-0.23256798775
Rsrp1,0.24319460619189706
Rtca,0.3123125432316975
Rtel1,0.2546845110406308
Rtkn,0.3116992237793199
Rtkn2,-2.2390729582671507
Rtl3,0.5168021527175304
Rtl4,-0.12268832268485423
Rtl5,-0.208196833128041
Rtl8a,-0.3059170067578887
Rtl8b,-0.3826004235812901
Rtl8c,0.12350113639228016
Rtn2,-0.3297192414403367
Rtn4,-0.2384768827139565
Rtn4r,0.1113877637474625
Rtn4rl1,-0.2967598895509732
Rtn4rl2,-0.3414836266730945
Rtp4,0.22632978
Rubcn,0.0400221525453784
Rufy2,-0.2472321280827946
Rufy3,-0.230638276722682
Rundc3b,0.24164915065
Rusc1,-0.330833270492631
Rusc2,-0.3301363215727429
Ruvbl1,0.44524402678587105
Ruvbl2,0.2353025190332145
Rwdd4a,0.4688239024
Rxfp1,-0.3954463422895667
Rxra,-0.2471860665553957
Rxrb,0.2884879357731609
Rybp,-0.30192017577620456
Rybp-ps,-1.806894484014274
Ryk,-0.289197718925359
Ryr1,0.3183149320082793
Ryr2,0.2456981260446433
Ryr3,0.2105149256938479
S100a1,0.3620831233752293
S100a10,0.5856288016394104
S100a13,0.797256812779426
S100a4,0.9566754533228192
S100a6,0.6707692156179954
S100a8,0.3570002064
S100b,0.3502407903987311
S1pr1,-0.3108567396167711
S1pr5,0.3025703216
Sac3d1,1.600746839698699
Sacm1l,-0.2798683735230686
Sacs,-0.05149090396273856
Safb,0.4339890057746746
Safb2,0.4057511803802085
Sall1,-0.3690979430665114
Sall2,-0.2195633297300583
Samd11,0.4149089428820985
Samd12,0.2269991029803045
Samd4,1.19374356813333
Samd4b,-0.3690296303519346
Samd5,0.4038831313128035
Samd8,-0.29703523045409913
Samd9l,-3.07612358071041
Samm50,0.2425049736686546
Sap130,-0.2647347927285761
Sap18,0.3832553068718689
Sap30l,0.34558889081020083
Sar1b,-0.3557525982180632
Sarm1,0.2065223185083882
Sarnp,0.31691055689344005
Sars2,0.23705734858202276
Sart1,0.44099947845884285
Sash1,-0.20294929396686434
Sat1,-0.3037240140033859
Sat2,0.49480677539310125
Satb1,-0.2869875125465016
Saxo6,0.640463098448512
Saysd1,0.3522007087136045
Sbf1,-0.2745718044187161
Sbno1,-0.2315901435736819
Sbsn,0.28552606326365515
Sc5d,-0.3207887747263033
Scaf1,0.3227297653822327
Scaf11,-0.3065512764636146
Scaf8,0.17099057013565544
Scai,-0.7351443989603651
Scamp1,-0.26482092605975494
Scamp2,-0.230979870352469
Scamp5,-0.43144795945
Scand1,0.2762488280534219
Scaper,-0.2379146429023369
Scara3,-10.68334864487708
Scarf2,2.649903145582975
Scd1,-0.2249102101609582
Scd2,-0.2388295327476661
Scg3,0.2494681326289511
Scg5,0.40252122303765425
Sclt1,-0.3470881786525549
Scmh1,0.23435516365
Scn1a,-0.1450132442370913
Scn1b,0.34684293450355114
Scn8a,0.2789610081832184
Scn9a,-0.6399288452937143
Scnm1,0.2554302401070776
Scnn1a,-0.3726766836471911
Scoc,-0.11237311365291414
Scrg1,-0.2958238956
Scrn2,0.3162544821970605
Scrt2,0.7498319504684983
Scube1,-0.06510688723533109
Scube3,-0.4812241567894853
Scyl1,-0.3483407449562903
Scyl2,-0.2350585842170092
Sdc2,-0.3014457529494253
Sdc3,-0.4411898594061899
Sdc4,0.47500972471770153
Sdcbp,-0.2653006931871566
Sdf2,0.3701853975603753
Sdf2l1,-0.2359620793187145
Sdha,0.2546911155755791
Sdhaf1,0.33227728391000144
Sdhaf3,-0.33644834147863956
Sdhaf4,0.4046643800396437
Sdhd,0.22429156652432908
Sdk1,0.2316745832037718
Sdk2,0.34851768117592075
Sdr39u1,0.33668927567899165
Sdr42e1,0.2575202688602615
Sdsl,0.4461187195622685
Sebox,0.6468736120650062
Sec11a,0.35308940376860615
Sec11c,0.27925982221047263
Sec13,0.2619519732615528
Sec14l2,0.30688289352291115
Sec16a,-0.003206451241949293
Sec22a,0.03137333381775197
Sec22c,-0.019744633064759057
Sec23a,-0.26880049949631757
Sec23ip,-0.3670304950092316
Sec24a,-0.32236804172188765
Sec24b,-0.37676769477172434
Sec61a2,-0.2715893482
Sec61b,0.3140404176832817
Sec61g,0.5198589199396269
Secisbp2l,-0.051363668718721806
Seh1l,-0.2640365526859862
Sel1l,-0.07624051520175343
Selenof,0.06516987787515996
Selenoh,0.05398205211751389
Selenok,0.08030506538234937
Selenom,0.4212546462247726
Selenon,-0.2071069634078431
Selenop,-0.25646271839949153
Selenos,0.3127496785046189
Selenot,-0.15582077513554174
Selenov,1.174314895397714
Selenow,0.4878614874093863
Selk,0.4708000893999995
Selplg,0.3410517948068038
Sem1,0.9498448144661378
Sema3c,-0.2932191409575814
Sema3d,-0.3764570928129743
Sema3e,0.3991996533989275
Sema3g,0.353941554212404
Sema4a,-0.2194085563061223
Sema4b,-0.3303056274
Sema4c,0.3043995136480875
Sema4g,0.2295536474900984
Sema5a,-0.07310176971777044
Sema5b,-0.2636904580264063
Sema6a,3.475829329923015
Sema6b,-0.052581333353529325
Sema6c,-0.031619366822360814
Sema6d,-0.34756835979120115
Sema7a,0.11667780761053832
Senp1,-0.2483939714593071
Senp5,-0.2272229175743155
Senp6,-0.2041328999485713
Senp7,-0.28555057785719834
Senp8,-0.21045407875456967
Sep15,-0.30982343835
Sepp1,0.621132039
Septin2,0.15585698910104873
Septin5,0.3763972471448883
Septin7,-0.3698713540616065
Septin9,-0.3058817870954605
Serf1,0.5885077170669061
Serf2,0.4682070385103509
Serinc1,-0.28569347536469625
Serinc2,-0.5449219075022215
Serinc5,-0.3484914923974667
Serp1,-0.21930911945930257
Serp2,0.6557778756203194
Serpina9,-7.411018216398652
Serpinb1a,-0.4037687097760516
Serpinb6a,-0.2125950215726544
Serpinb9,-0.029248519595201056
Serpind1,-0.3630002983663001
Serpinf1,0.3278781932444513
Serpinh1,-0.3661136907717866
Sertad1,0.6969311291273081
Sertad2,-0.2551639015097691
Sertm1,0.06164444661827184
Sertm2,12.02576641948415
Sestd1,-0.2008158471413293
Set,-0.2944498588749545
Setbp1,0.2881802987799849
Setd1b,0.2344223929799025
Setd6,0.3310166444809915
Setd7,0.04018290962099033
Setdb1,0.24500876895
Setdb2,1.1229981879253454
Setx,0.43375107500576826
Sez6,-0.0377674167311966
Sez6l,-0.006897631748821256
Sez6l2,-0.2673937321046345
Sf1,-0.3392672537229548
Sf3a1,-0.3182781273193089
Sf3a2,-0.21292668759364405
Sf3a3,0.3276587617047273
Sf3b2,0.23305561601526897
Sf3b3,-0.2118614755415997
Sfi1,0.2580127733582635
Sfpq,-0.26277319281860806
Sfr1,0.2785309416018705
Sfrp1,-0.353867071209217
Sfrp5,0.32345007286114
Sft2d1,0.046404834864274436
Sft2d2,-0.2272123833705749
Sfxn1,-0.2992207078478038
Sfxn3,-0.3692840008
Sgcd,0.4245043806181977
Sgf29,0.2397796005718948
Sgip1,-0.04118418081478007
Sgk1,0.7119864606149694
Sgk3,0.4426011182086182
Sgms1,-0.3173143723958299
Sgo2a,0.6531313120038005
Sgpp1,1.2913478839027517
Sgpp2,-0.4433889952371748
Sgsh,0.2041691849519566
Sgsm1,-0.3825167721446449
Sgsm2,0.03229358197083759
Sgta,0.0023547487955331015
Sgtb,0.2164884795401386
Sh2b1,-0.3305111548839732
Sh2b2,0.6217948733681421
Sh2b3,-0.27004101692361365
Sh3bgr,0.5574405907668716
Sh3bgrl,-0.1102663565468172
Sh3bgrl2,-0.23467017166748727
Sh3bgrl3,0.26080806093587333
Sh3bp2,0.4071097039772585
Sh3bp5,0.2664796918054498
Sh3bp5l,0.2548618458306188
Sh3d21,0.4957083379357291
Sh3gl2,-0.4293390101
Sh3gl3,1.8103858338591534
Sh3glb1,-0.24741934199681637
Sh3glb2,0.2113162440158162
Sh3kbp1,-0.29780495712346255
Sh3pxd2b,-0.3476970545623603
Sh3rf1,0.3025270670907799
Sh3rf3,-0.34103738219435215
Sh3yl1,-0.0696205402632328
Shank1,-0.1920307365015998
Shank2,-0.037059542593386646
Shank3,-0.441824117524578
Sharpin,0.288241109
Shc3,0.2593218793468334
Shc4,-0.2407984914654354
Shcbp1l,0.4972616748002226
Shfl,0.25054652035682107
Shisa4,0.28099397020065203
Shisa6,-0.26633276433185515
Shisa7,-0.2976937795021926
Shisa9,-0.2974141430682833
Shkbp1,-0.3478990584369541
Shmt2,0.255439820501602
Shoc2,-0.2574225976042511
Shpk,0.3053238254874387
Shprh,-0.24043012385766382
Shroom2,-0.28841755440534944
Siae,-0.2694933086056648
Siah1a,-0.3843144832526802
Siah2,-0.2552970554286959
Siah3,0.2442083150048846
Sigmar1,0.3263217502630218
Sik2,-0.14409231816819681
Sik3,-0.1132051130841422
Sike1,-0.2283346227218386
Simc1,-0.261670148537056
Sipa1,0.213582903479674
Sipa1l1,0.09444577900685207
Sipa1l2,0.07736171709582446
Sipa1l3,-0.3541040247665047
Sirpa,-0.2267532386
Sirt1,-0.18114361453721312
Sirt2,-0.027249952430916213
Sirt3,0.40593279039016444
Sirt5,0.44636211370523615
Sirt6,0.1401860019772909
Siva1,0.208692713969244
Six4,-0.4596172461390839
Ska2,-0.3463997713474418
Ski,-0.37938194712044454
Skil,-0.2821005277501789
Skp1a,-0.206361447151974
Skp2,-0.2713820223820438
Slain1,-0.0593963478951534
Slain2,-0.3092678243243586
Slc10a4-ps,6.78320184433287
Slc10a6,1.2273712635450351
Slc10a7,7.408067614973564
Slc11a1,0.35208598645
Slc12a2,-0.2872269213400135
Slc12a5,0.46672734315516795
Slc12a6,0.2046464428291369
Slc12a9,0.212414500584062
Slc13a5,-0.2764523746038343
Slc15a3,0.2362705056
Slc15a4,0.015990112288787703
Slc16a1,-0.3685314607302296
Slc16a11,0.6408337125103852
Slc16a13,0.3486651172918473
Slc16a3,0.3393683779161331
Slc16a4,-0.4754942054266854
Slc16a6,-0.2837815221370363
Slc16a7,-0.17791550219818275
Slc16a9,0.6930933508477404
Slc17a6,-0.2412968565158694
Slc18a2,-0.5518282514434518
Slc18b1,-0.24747710685378066
Slc19a2,-0.2919148625152097
Slc19a3,-0.2813680659522386
Slc1a2,0.05349188809452293
Slc20a1,0.4216506506
Slc22a15,5.606325886965858
Slc22a23,-0.013333518508418884
Slc22a8,-0.3139613595784793
Slc23a2,0.6911897622750001
Slc24a2,0.0157905708174661
Slc24a3,-0.2138341228833597
Slc24a4,0.4661056582735937
Slc24a5,-0.5362649697990578
Slc25a1,0.2251280763878418
Slc25a11,0.2049977898
Slc25a15,-0.22506062685341885
Slc25a16,-0.2661064786742266
Slc25a17,0.0707528345593743
Slc25a18,0.2254390629912445
Slc25a20,0.20874348108751
Slc25a24,5.170719440860698
Slc25a26,0.23592937983010734
Slc25a28,0.8305848725080917
Slc25a29,0.2401735776092023
Slc25a30,-0.2588580129437805
Slc25a32,-0.2389819370192112
Slc25a34,0.43097637228217256
Slc25a36,-0.2879212041782508
Slc25a4,0.5291885217122023
Slc25a40,-0.1332064907968649
Slc25a44,-0.2038973158797065
Slc25a46,-0.376244455340212
Slc25a5,-0.011444990373906283
Slc26a1,0.4132309092563508
Slc26a6,10.67623119604275
Slc29a3,-5.678382543169949
Slc29a4,-0.5204647758184273
Slc2a1,0.43159963759232256
Slc2a10,-0.8067618887486353
Slc2a13,-0.3382460908689152
Slc2a4rg-ps,-0.03709264159493754
Slc2a9,0.4202178019514825
Slc30a2,-0.3350410809671934
Slc30a4,-0.16864556987333681
Slc30a5,-0.2353108804641366
Slc30a7,-0.21824302869691703
Slc30a9,-0.24178374989084295
Slc31a2,-0.2146738025899833
Slc33a1,-0.32598533584463135
Slc35a3,-0.4457580738211911
Slc35a4,0.2006396792327596
Slc35a5,-0.26695427437284996
Slc35c1,0.2166197483825578
Slc35d1,-0.2214360145190032
Slc35d3,9.871345149524483
Slc35e1,0.2246931421455183
Slc35e2,-0.01578650813975634
Slc35f1,0.2091875083171183
Slc35f3,-0.2541117817
Slc35g1,10.903499635817743
Slc35g2,-0.20984844482695642
Slc36a1,-0.24612122337034706
Slc36a4,-0.2113337979004786
Slc37a1,-8.162476601399339
Slc38a2,0.23994579284984718
Slc38a6,-0.3029606943155434
Slc38a9,-0.2154489932732647
Slc39a10,-0.18234647677927823
Slc39a12,-0.2488272266642278
Slc39a14,0.4498444116964095
Slc40a1,-0.3520989153330172
Slc41a2,-0.2629226897510242
Slc41a3,-0.3628285739953265
Slc44a1,0.286962544
Slc44a2,-0.24153702902490917
Slc44a5,-0.4708905663758482
Slc45a4,-0.24090056782946262
Slc4a1ap,0.24549285887880515
Slc4a3,-0.2338063542
Slc4a4,-0.040005149701217
Slc4a7,3.8359204335097306
Slc4a8,0.13156558052413386
Slc50a1,0.2633696121775253
Slc52a2,0.2855159661442163
Slc5a11,-28.530123964013793
Slc5a3,-0.4652836990931009
Slc6a11,-0.038079103075305404
Slc6a15,-0.2178708356266795
Slc6a17,-0.05038267492261933
Slc6a20a,0.0017309154113795966
Slc6a3,6.525731218375194
Slc6a6,-0.2409450569515746
Slc6a7,0.2795347484719626
Slc6a9,-0.4270455771060759
Slc7a10,-0.4148839166483049
Slc7a11,-0.2554326932764169
Slc7a14,-0.25623243796244516
Slc7a2,-0.006700019020398948
Slc7a5,0.10345422860259379
Slc7a6,-0.2102961264972599
Slc8a1,0.4796260669329951
Slc8a2,-0.08705552025808835
Slc9a1,-0.2981715867430112
Slc9a3r1,0.234782714689255
Slc9a3r2,-0.20281547595
Slc9a5,0.32656227298912305
Slc9a6,-0.30551297917222076
Slc9a7,0.10527159541115955
Slc9a9,0.01967236910928119
Slc9b2,9.471728850079712
Slco1a4,-0.06125860166512995
Slco1c1,-0.3117757396056938
Slco4c1,-0.4473429103376845
Slf2,-0.3206679208575874
Slfn8,-0.31058759649085516
Slirp,0.4924803767589019
Slit1,0.13755524883512735
Slit2,0.3362635330229599
Slit3,-0.10896164470095837
Slitrk1,-0.027347320712148307
Slitrk2,-0.31365629791812905
Slitrk4,-0.21840898262711333
Slitrk5,0.2704103422375672
Slk,0.2893402909474817
Slmap,0.573920644555446
Sltm,0.411649708475
Slx4,0.2019360642037408
Slx4ip,-0.2548675131053916
Smad1,0.3343850430579526
Smad3,-0.2618275401195616
Smad4,-0.2626167722324571
Smad5,-0.38682654957593077
Smad7,0.2892027707582377
Smad9,-0.06404986340276968
Smap1,-0.2162255436021098
Smap2,-0.200983016956996
Smarca1,-0.2672719534494419
Smarca2,-0.06745747943098261
Smarca4,-0.3301893895754366
Smarca5,-0.2826307243345005
Smarcad1,-0.15356525361333917
Smarcal1,0.26331656859140845
Smarcc1,-0.2839137662712717
Smarcc2,0.013899475340811596
Smarcd1,-0.2002450806939286
Smarcd3,-0.2873292587459148
Smarce1,0.2061069326590997
Smc1a,-0.06469774055364864
Smc2os,1.0859509109726404
Smc3,0.23257113460822443
Smc4,-0.3917573474425254
Smc6,-0.2806009678126015
Smchd1,-0.288716112428289
Smco4,0.4366701839599868
Smcr8,0.3416549535604202
Smdt1,0.33395389866962055
Smg1,-0.1536925437592085
Smg6,0.2003063997417064
Smg7,-0.035796770284163754
Smim10l1,-0.2193565000408954
Smim10l2a,0.27874305112379283
Smim11,0.33794842450849066
Smim12,0.6041683101616404
Smim13,-0.3825782519750767
Smim14,-0.21702556227646297
Smim15,-0.3580933367142012
Smim17,-0.30858035371332243
Smim18,-0.2852630008484659
Smim26,0.054867224490087435
Smim27,1.0935571478145003
Smim3,0.507347934150656
Smim4,0.3155287820806339
Smim8,0.3744454669896616
Smndc1,-0.31230648880627465
Smoc2,-0.3739163097501093
Smox,0.041730818798943706
Smpd2,0.20270185516171
Smpd3,-0.2637642017909971
Smpdl3b,0.5192959703823096
Smtnl2,-0.4653496765831855
Smu1,0.323149253525
Smurf2,-0.25967891350343403
Smyd4,0.3544355417976695
Snap23,-0.14682108140702543
Snap25,-0.2645313412958077
Snap91,0.04176249583541802
Snapc2,-0.7818335952828437
Snapc3,-0.2669736601479824
Snapc5,0.8212121059414063
Snca,0.34400763344260415
Sncb,0.3003061494203936
Sncg,0.5559341318018842
Sned1,-0.3055403624042481
Snf8,0.2781701574529592
Snhg1,-0.2572516028394593
Snhg10,1.089830499471719
Snhg11,-0.3225778614906557
Snhg12,0.5667821695773738
Snhg14,-0.4167683533023291
Snhg15,1.0367840222363105
Snhg16,0.606406683711513
Snhg20,0.713213810649827
Snhg3,0.8880758195893459
Snhg4,0.2078713616911684
Snhg6,1.0812184673541094
Snhg8,0.659691477462396
Snn,0.25500141338557275
Snord104,0.5000079795643112
Snph,-0.2688866446341685
Snrnp200,0.24182845514659115
Snrnp25,0.34758029767324966
Snrnp27,0.4266523079976078
Snrnp35,0.18570009029190443
Snrnp40,0.2465493053448634
Snrnp48,-0.3092851483791568
Snrnp70,0.5754697328378096
Snrpa,0.23362522512611836
Snrpa1,0.12879345122461996
Snrpb,0.4017114730022102
Snrpc,0.3686933864470383
Snrpd1,0.3461242690277051
Snrpd2,0.3646895283628009
Snrpd3,0.730781408302348
Snrpe,0.36197823479007474
Snrpf,0.9820256003805881
Snrpg,0.3296687671257059
Sntg1,-0.054968480382065164
Snx1,0.5285516266
Snx10,-0.4588296039105288
Snx12,-0.028771203363271672
Snx13,-0.1524961361380738
Snx14,-0.15026811946598784
Snx16,-0.457988414704115
Snx18,0.2277865198986811
Snx2,-0.3135552876
Snx22,0.2271270376137832
Snx24,-0.2368196958303906
Snx27,-0.2037502398935907
Snx29,0.032467618386415764
Snx3,0.47217120255
Snx30,-0.266241282125
Snx32,0.2982426574542132
Snx33,-0.2121745066138843
Snx5,0.0573165512359764
Snx6,-0.27949043370359955
Soat1,-0.34939434915309325
Sobp,-0.21191203273501177
Socs3,-0.6497264032166647
Socs4,-0.39838014996853244
Socs5,0.370937123632746
Socs6,-0.36902010931555546
Sod1,0.5253534031404078
Soga1,0.12425930098431978
Soga3,0.16853257924558096
Sorbs1,0.3213707211938591
Sorbs2,-0.2049583752723296
Sorcs2,-12.094811123402367
Sorl1,0.17537123297629537
Sort1,-0.2967056409213763
Sos1,-0.12725216982707532
Sos2,-0.3392860362139727
Sowaha,-0.2662935727545251
Sox1,-0.3505832754124593
Sox10,-0.5179573168736734
Sox11,-0.41355267411376523
Sox18,-0.47222049581821224
Sox2,-0.2816881826447384
Sox21,-0.4324020000157762
Sox2ot,-0.33778721856973515
Sox4,3.661571014998013
Sox5,-0.2525648394
Sox6,0.008451780017676352
Sox7,-0.5441327170611542
Sox9,-0.366646907440699
Sp1,-0.2704614160965125
Sp100,-0.4656722533388125
Sp140,-0.6964539308423006
Sp2,-0.03258793699831769
Sp3,-0.2956468354134354
Sp4,-0.16543943510173925
Sp7,0.2877114823153858
Spa17,0.5448481618812638
Spaca6,0.39831809230361603
Spag1,-0.333684490324401
Spag17,-0.7269465487845198
Spag7,0.2807744367664904
Spag9,0.3400058551740768
Sparc,0.2245653665736283
Spast,-0.29089668777683897
Spata1,-0.4711305511295551
Spata13,-0.49049911759813697
Spata24,0.8314182299873956
Spata32,0.6102007808981023
Spata9,-0.9429370825796637
Spc24,0.7893522538880801
Spcs1,0.2525116676806886
Spcs3,-0.2817776021349024
Specc1,-0.13906454473162538
Spef1,-0.28997032251410804
Speg,0.2524267289671164
Spen,0.31968414824144187
Spg11,0.2161680317898099
Spg20,-0.2458849327730206
Spin1,-0.2635532462648794
Spink10,0.319444214203828
Spink8,0.5542143808388862
Spire1,-0.2728309304711436
Spocd1,1.1325483484624022
Spock1,-0.2453485410010213
Spock3,-0.32951326310321905
Spon2,-0.4464140489
Spopl,-0.2023250937170663
Sppl2a,-0.39807885859772524
Sppl3,-0.29441121078905835
Spr,0.3148457874462289
Spred1,-0.2945003044912384
Spred2,-0.30698171937715557
Spring1,-0.21577666882863078
Sprn,-0.288374560932376
Spry1,-0.2708684355780112
Spry2,-0.2612132396127254
Spry3,-0.2328789974837704
Spry4,-0.3871509763750737
Spryd4,0.284148382957517
Spryd7,-0.24363551618783158
Spsb1,0.4524437583596369
Spsb2,0.3493950487174387
Sptan1,0.211040467096558
Sptb,0.2959059089454499
Sptbn1,-0.2856299554
Sptbn2,-0.3524024746911156
Sptbn5,0.4386653027772781
Sptssa,-0.09381596958922836
Spty2d1,-0.01748527563703625
Spx,-0.7090884802979118
Sqle,-0.2941418537932393
Sqstm1,0.2255133800146217
Srcap,0.33203954628379545
Srebf1,-0.272582182289602
Srek1,-0.2181046837021352
Srek1ip1,-0.3544604221483499
Srgap1,-0.545971766260357
Srgap3,0.2663636817074097
Srgn,-0.3476036176065535
Sri,0.2321847383796263
Srl,-0.4157641174436686
Srp14,0.5183180589669162
Srp19,0.2796316940607426
Srp54a,0.03292553825447645
Srpk2,-0.2132000205720823
Srpk3,11.054129135403402
Srr,-0.2233054285719473
Srrd,0.25907690783214865
Srrm2,-0.2083966662894894
Srrm4,-0.3516358409553708
Srsf1,-0.3865786354329718
Srsf10,-0.03621634832029085
Srsf11,-0.3893875449482281
Srsf12,-0.2164644953576841
Srsf2,-0.2308528542189241
Srsf3,-0.377738403437093
Srsf5,0.34829686743680577
Srsf6,-0.274951799876109
Srsf7,-0.18459911116236172
Srsf9,0.4628935945823466
Srxn1,0.5282608569959961
Ss18l2,0.4913621177669753
Ssbp1,0.3492874938662361
Ssbp3,-0.299921217288386
Ssbp4,0.0014857686242690793
Ssc4d,0.8697893349202881
Ssh2,0.7329360826352694
Ssh3,0.202188046466335
Ssna1,0.2847356077483746
Sspo,0.6231096430117522
Ssr2,0.22041790430486885
Ssr3,-0.23583805384722112
Ssr4,0.4422397690163069
Sst,0.0701927682027341
Sstr2,-0.38956805182695625
Sstr3,-0.00031867058874154863
St13,-0.2415862293617688
St18,-0.35114633155639274
St3gal1,-0.1721764259950651
St3gal3,-0.5224713124477974
St3gal6,-0.4118564532904024
St6gal2,-0.5141692118961602
St6galnac3,0.4177462623664244
St6galnac5,0.04756455144768301
St8sia1,0.2624448477293724
St8sia2,-0.4772424331013868
St8sia3,-0.26445942186596577
St8sia4,-0.6351558131486671
St8sia5,-0.2969053551090393
Stab1,0.3109735408042261
Stab2,0.4315801360266605
Stac,0.4368926113607436
Stag1,-0.25548668092101295
Stag2,-0.3112407694441533
Stam,-0.2904601662458357
Stam2,-0.2270698167319952
Star,-0.2499996132781795
Stard13,0.3012007961550173
Stard3,0.238823929
Stard3nl,-0.2965305347079611
Stard4,-0.32477171316434955
Stard7,0.7402524679757629
Stard9,0.3784148797191421
Stat1,-0.36600403858274994
Stat2,-0.2556128644113687
Stau2,-0.3040275923827552
Stc1,-0.3948430092432963
Stc2,0.6140469714280918
Steap3,-0.40665188334154323
Steap4,-2.587432903605119
Stim1,-0.2799802200831352
Stim2,-0.3024428587153196
Sting1,-0.4536361621663647
Stk17b,-0.408374553869642
Stk19,0.5065043165497934
Stk24,-0.0430264652985491
Stk26,-0.5835228092173651
Stk3,-0.2030198367
Stk35,-0.2018475788347647
Stk35os1,0.04742655590723391
Stk36,-0.5160574208918907
Stk38,-0.2023554844265499
Stk38l,0.5641598598928745
Stk39,1.8487324803906544
Stk4,-0.2582933048998487
Stk40,0.3544261597517285
Stmn1,0.5483031007205437
Stmn3,0.3200132445181691
Stmn4,0.4922807157333789
Stn1,0.3319247192893757
Stom,0.2270572487041275
Stoml1,0.2126697556866916
Stoml2,0.4253993157010947
Ston1,0.4196596046143601
Ston2,-0.19451654534094615
Stox2,-0.06980885072964531
Stpg1,9.82598272458225
Stra6l,1.8622329296166928
Strada,0.2127332224
Stradb,-0.2064929749032801
Strap,-0.2081068502286691
Strn,0.0111618793247652
Strn3,0.030144311194470613
Stt3a,-0.2387277056176013
Stt3b,0.0005307687566804137
Stub1,0.23457282503078952
Stx12,-0.2644970793835358
Stx1a,-0.4468644166199422
Stx1b,0.2887028381390807
Stx4a,0.25313740580936556
Stx5a,0.22230157333199935
Stx7,-0.3070858085960127
Stx8,0.2558384433901297
Stxbp1,-0.2557774212697402
Stxbp4,-0.4286132927538342
Stxbp5,0.007616514205734032
Stxbp5l,0.5999371284024745
Stxbp6,-0.3786797857627708
Styx,-0.42347644518625716
Styxl1,-2.314146292898871
Sub1,-0.2520287851614747
Suco,-0.2765168115802352
Sugp1,0.29123825626317607
Sugp2,-0.8587093544270543
Sugt1,-0.2417653534172028
Sulf1,-7.933321819674988
Sulf2,0.30938737698551144
Sult1a1,0.6084876025848638
Sult4a1,0.252770000269928
Sumf2,0.2735110825554527
Sumo1,0.3535899404
Sumo2,0.4978504268487799
Sumo3,0.2759208784473315
Sun1,0.21907952029286623
Sun2,0.3100594817021793
Supt16,0.2091993846578641
Supt4a,0.2398949153328514
Supt4b,-1.7914827853271795
Supt5,-0.025268830633684708
Supt6,0.04197689799623314
Supt7l,-0.2338597846166445
Surf1,0.3770713023679447
Surf6,0.2135100319098848
Susd4,-0.20835110115
Susd6,0.4371904575382347
Suz12,-0.36481457089316294
Sv2c,0.12845987131308276
Svbp,0.4781673403871912
Svil,0.2139901929094641
Svip,-0.2647104038666001
Swi5,0.7070342067646508
Swt1,-0.21444787359708145
Syap1,-0.2869878711588153
Sybu,-0.2596130789906151
Sycp3,-0.8653060756835165
Syn1,-0.39697665271473925
Syn2,-0.298496153425
Syn3,0.4830211526284513
Syna,0.22916199812563734
Syncrip,-0.45306006528450765
Syndig1l,0.9271894074594416
Syne4,0.2300004909076435
Syngr3,-0.2581806389499505
Synj1,-0.05307247121880557
Synj2,-0.2285918625493609
Synj2bp,-0.3065976103823953
Synm,-0.257417065925
Synpr,-0.30445067681350446
Synrg,0.2334503173302715
Syp,0.4520012416277548
Sypl,-0.11697608792553348
Sys1,0.2859965601367538
Syt11,-0.39585837465
Syt12,0.2882399042124616
Syt15,-0.5496043576684825
Syt17,-0.2587722606438384
Syt3,0.216475691537534
Syt4,-0.36828629956835596
Syt9,0.213503047254642
Sytl2,0.12199526207818034
Sytl5,0.4667718161687839
Syvn1,-0.2303738984494939
Szt2,11.663139631771871
T2,0.9349697004771366
Tab1,0.23006404908838785
Tab2,-0.33934183497932047
Tab3,-0.15254657815540767
Tacc1,0.2037291341377547
Taco1os,1.390864668576548
Taf10,1.7381828227614877
Taf11,0.309098722318054
Taf13,0.45176385765
Taf15,0.37940317552931346
Taf1d,-0.3351544672833472
Taf2,-0.2763091323469232
Taf3,0.2208306960644138
Taf4,-0.289635918959766
Taf4b,-0.06365125644393493
Taf6,-0.2499238724896413
Taf9,0.2035132431904782
Taf9b,-0.2899147034685678
Tafa1,-0.2158072770466334
Tafa2,-0.3741386237765148
Tafa5,-0.202636905718921
Tafazzin,-1.6387191767200524
Tagln,-0.3975386459564582
Tagln3,0.47005552220179214
Taldo1,0.3110063055437981
Tanc1,0.005351926670998264
Tanc2,0.2245817187265405
Tank,-0.16523735388953864
Taok1,-0.11754322459287196
Taok2,-0.3247827220019962
Tapt1,-0.26011061637920335
Tarbp2,0.2866057306895256
Tardbp,-0.2386564968295803
Tarsl2,-0.2185966458447963
Tasor,-0.3202002160611763
Tasor2,-0.36871516022114115
Tatdn2,0.2468292140516411
Tatdn3,-0.2977779230840308
Tax1bp1,-0.23310714064210786
Tax1bp3,0.47971342588484944
Taz,0.2694000792065947
Tbc1d1,-0.2362441380123467
Tbc1d12,-0.0890690717893331
Tbc1d19,-0.3326315504704075
Tbc1d20,-0.3443506147666667
Tbc1d23,-0.008205117759373548
Tbc1d32,-0.22507044221885986
Tbc1d5,0.10034967643797858
Tbc1d8,0.320436850275
Tbc1d8b,0.946365445293144
Tbc1d9b,0.276660828478255
Tbca,0.34555582538559126
Tbcc,0.3820454217794418
Tbck,-0.2177896097376589
Tbl1x,-0.10722260771769752
Tbl1xr1,-0.3626678395003859
Tbp,0.2953279653841046
Tbpl1,-0.2208229700354119
Tbr1,-0.395530142432458
Tbx19,5.854567450464427
Tbxas1,0.4382907877957612
Tcaim,0.2112659983377101
Tcea1,-0.2805847829281297
Tcea2,-0.2814620653440303
Tceal1,-0.2224884788059585
Tceal3,0.5626950159026683
Tceal5,0.9230306883333146
Tceal6,0.587280132314459
Tceal9,0.32036191243159157
Tcf12,-0.2719046616178863
Tcf20,0.24375626503125986
Tcf7l1,-0.3843942531431177
Tcf7l2,-0.4850430378948459
Tchh,-0.3933444680711815
Tchp,0.30837727865749764
Tcirg1,3.6208925824189535
Tcof1,0.27063537995
Tcp1,-0.2743883481712401
Tcp11l1,0.11354310518704963
Tcp11l2,-0.35446904116336186
Tcta,0.2083418945145824
Tctex1d2,0.5237863729135113
Tctn1,0.2046379265320635
Tdp1,0.22541004025
Tdp2,-0.3716087745511419
Tdrd3,0.2934561862
Tdrd6,-0.4295064180149302
Tdrd7,-0.2475231020523845
Tdrkh,-0.2712920737465432
Tead1,-0.2933854081128894
Tecpr1,-0.2687829894826472
Tecpr2,0.2133161420057711
Tedc2,0.2943782224023246
Tekt4,0.25561603966295515
Tekt5,-0.4585056816861609
Ten1,0.35621706851796425
Tenm1,0.10781921551655632
Tenm2,0.36961106805252414
Tenm3,0.43763811137778214
Tenm4,0.3458530909653948
Tent2,-0.22638973730420764
Tent4a,-0.2762181077016591
Tent4b,-0.23325295755262104
Tent5a,0.10809260980825453
Tep1,0.2287622687635816
Tepp,-0.3831043867197155
Tepsin,-0.22565856590274708
Terf1,0.2461611430545663
Terf2,-0.2512731364
Terf2ip,-0.2060539477125451
Tesc,0.4913676509064228
Tesk1,-0.05851963393056833
Tet1,-0.2929101493900779
Tex10,-0.32151085448835026
Tex2,0.3304230165
Tex261,0.284642160125
Tex264,0.276248116844539
Tex30,-0.5916215944075656
Tex38,-0.417756444541592
Tex47,-1.5674094233102722
Tfap4,0.41523412010388205
Tfdp1,-0.2475081506903404
Tfdp2,-0.2156941777418925
Tfg,0.25648727370868
Tfip11,0.27631038636290817
Tfpt,0.7247832483928774
Tfrc,0.040393358040801484
Tgds,0.286271015238622
Tgfa,-0.32189916194778656
Tgfb1i1,-0.35477539170356054
Tgfb2,-0.2883497676573724
Tgfbr1,-0.3696067956918627
Tgfbr2,-0.475628702229749
Tgfbr3l,0.6853130473064591
Tgs1,-0.3196933264439817
Tha1,0.5592817006588687
Thap1,-0.3060192700244586
Thap12,-0.2471270831137114
Thap2,-0.13560976834034702
Thap3,0.5511410786589699
Thbd,-0.39270147968085156
Thbs2,0.2556107754364649
Them6,0.23708528791892475
Thg1l,0.316126647769375
Thoc1,-0.027057761992427043
Thoc2,-0.2480925599902546
Thoc2l,-0.3491655943172103
Thoc6,0.2071592944478128
Thoc7,-0.2299103580546869
Thpo,0.2886967549616375
Thra,0.2756615017880875
Thrap3,0.2463792086223391
Thrb,-0.0005858515850017953
Thrsp,0.28660591476808517
Thsd1,-0.2684221324538473
Thsd4,0.3056653405300279
Thsd7a,-0.009762922021697484
Thsd7b,-6.593833692345058
Thtpa,0.2430306745998152
Thumpd1,0.2492826804185401
Thy1,0.2905671065929363
Thyn1,-0.2042295954731023
Tia1,-0.5441115049727658
Tial1,-0.006138391750872246
Tiam2,-0.2616712861113405
Tigar,0.26129790458979996
Tigd2,-0.24766879006056625
Tigd3,0.4260579763518048
Tigd5,-0.3423352757665429
Timm10,0.6822700325743303
Timm10b,0.30546147479894875
Timm13,0.5547872377024411
Timm17a,0.3735413018429804
Timm17b,0.3595243068174945
Timm21,0.31960503001407
Timm22,0.2663014438888701
Timm23,0.3152502287202415
Timm29,2.1418613441547207
Timm44,0.34670202532271766
Timm8b,0.32809422043440595
Timm9,0.02446933633679635
Timmdc1,0.28134186348093704
Tinf2,0.22688332256509502
Tiparp,0.05006229005788665
Tirap,2.2856633187018254
Tjp1,0.006414158953627157
Tjp2,-0.2283533032576677
Tkfc,0.2660754040211237
Tlcd3b,0.2662820720733725
Tlcd4,-0.32267942367332014
Tldc1,0.28339755665
Tle1,0.4959623006648405
Tle2,0.2097431954247138
Tle3,-0.2799784386859114
Tle4,-0.2965258476519307
Tle5,0.07829681872915423
Tlk1,-0.2340176021970682
Tll1,-0.4266126428021074
Tln2,0.298758671221569
Tlnrd1,2.360938600781013
Tlr13,-0.4734483291975075
Tlr3,-0.4691118935910404
Tlr4,-0.11533953033095747
Tlr7,-0.1184883234088253
Tlr9,-0.4798027278243294
Tm2d1,0.3211832615207442
Tm2d2,-0.2459897502122212
Tm2d3,-0.2381448552870146
Tm4sf1,-0.2544907273681063
Tm6sf1,-0.2531385931385184
Tm7sf2,7.621085688227637
Tm9sf2,-0.2300687711996778
Tm9sf3,-0.3104921034046883
Tma16,0.4504784595982973
Tma7,0.5740989957024742
Tmc4,-0.22027335417103266
Tmcc1,-0.2529939290449578
Tmcc2,-0.000622230830105458
Tmcc3,0.06455718499065384
Tmco1,-0.2374608265784925
Tmco3,0.2650005072
Tmed1,0.2641366025703032
Tmed10-ps,-0.80716875629089
Tmed2,-0.2409795021440325
Tmed3,-0.7651598726445732
Tmed5,-0.5337559321800464
Tmed7,-0.4380203706516045
Tmed8,0.39170542045
Tmed9,0.5786881539249968
Tmem100,-0.2696881000354891
Tmem101,0.3831349918700921
Tmem106b,-0.37148074248386226
Tmem11,0.36784911912612056
Tmem114,0.4604567661696913
Tmem120b,0.073939984316614
Tmem121b,-0.4398388582697817
Tmem123,-0.3322929967121609
Tmem126a,-0.04620597158632314
Tmem128,-0.4166535683931552
Tmem131,-0.04575928118749539
Tmem131l,5.632702306968532
Tmem132b,0.00046747678516109725
Tmem132c,-4.44233510078649
Tmem132d,0.4739312123274338
Tmem134,0.4974933701044607
Tmem135,-0.2508087392450142
Tmem141,0.3725055997788773
Tmem143,0.24969372941120133
Tmem144,-0.2312527275575956
Tmem145,0.2160303706524785
Tmem147,0.02583916080162646
Tmem14c,0.41073480970851306
Tmem150b,-0.491822914857607
Tmem150c,-0.06588667168597055
Tmem151b,0.002137517299980435
Tmem159,0.2897061999563325
Tmem160,1.8584464804758933
Tmem161a,0.332042947086437
Tmem161b,0.02688324111993791
Tmem165,-0.3039214960128838
Tmem167,-0.4448915862136527
Tmem168,-0.31691521374540405
Tmem170,-0.36806044287921214
Tmem170b,-0.3248289303139983
Tmem175,-0.2005343489096031
Tmem177,-0.3139667822188416
Tmem178b,0.11502709546178724
Tmem179,0.21940466015204357
Tmem179b,-0.4928599188514552
Tmem18,-0.2353152122741367
Tmem183a,0.27913290095
Tmem184c,-0.2632633778544429
Tmem185a,-0.3040042100736773
Tmem185b,-0.2839132576744031
Tmem186,0.2735503796229303
Tmem19,0.2157871827732448
Tmem191c,0.4607565554664153
Tmem196,-0.11932263867749832
Tmem199,0.2647311668991348
Tmem2,-0.264951339
Tmem200a,0.2056859564265387
Tmem203,0.3463905428580687
Tmem208,0.3156704012261897
Tmem209,0.2149980152681893
Tmem212,1.0519846060367075
Tmem214,-0.20575680358978066
Tmem218,0.34094948635089306
Tmem219,0.41403705856317297
Tmem229a,-0.26010316732771643
Tmem229b,0.2490991142204045
Tmem230,-0.3497249649251763
Tmem234,0.3483941587597949
Tmem240,0.5284111003903146
Tmem241,0.2149511271604776
Tmem242,0.4105955567090429
Tmem243,0.08536737069675296
Tmem251,0.328050582875
Tmem255a,-0.3228817726534979
Tmem256,0.48643468213460056
Tmem258,0.6267263870812885
Tmem260,-0.28261369699367217
Tmem263,-0.404079941814497
Tmem265,-0.5215129277323719
Tmem266,2.850874522305984
Tmem268,0.29254907053509
Tmem271rt,0.3503867450749165
Tmem28,-0.4033080451219187
Tmem30a,-0.3655559727231406
Tmem33,-0.37904877482559035
Tmem38a,0.2299302745111752
Tmem39a,-0.2765594777671781
Tmem40,1.0073046911033563
Tmem41a,0.2613551198996471
Tmem41b,-0.26549318949766126
Tmem42,0.4810107155884489
Tmem44,-0.2636859084719648
Tmem45a,-1.188801615366105
Tmem47,-0.35276876999047396
Tmem50a,0.3165472848828282
Tmem50b,-0.24490180981336607
Tmem52,1.0037594411207746
Tmem53,-0.634787461926576
Tmem59,-0.2266405982763877
Tmem60,-0.430519964839782
Tmem62,-0.2771463136328167
Tmem63b,-0.2846899125031327
Tmem64,-0.37010300466894525
Tmem65,0.591861986366949
Tmem67,-0.2292264258331639
Tmem68,-0.4495734269930262
Tmem70,-0.3622484013067863
Tmem74,-0.35576232648315004
Tmem74b,0.3739151072530878
Tmem80,0.412381228091494
Tmem82,0.6554494531155098
Tmem86a,0.463107691041882
Tmem86b,-0.2858009740165067
Tmem87a,0.26424811555
Tmem87b,0.2372051652668302
Tmem88b,-0.2250127855361058
Tmem9,0.25278542853683317
Tmem91,-0.20438811431363885
Tmem94,-0.3018656596887861
Tmf1,-0.119047010843172
Tmie,0.09439962820266407
Tmlhe,-0.39112826221124
Tmod2,0.2400713795161082
Tmod3,-0.211374303069585
Tmod4,-0.209699553
Tmpo,-0.32465450080785724
Tmppe,-0.025533936791343748
Tmprss5,0.6889588768165953
Tmsb10,0.6743259897740698
Tmsb15b1,0.6959744797251399
Tmsb15l,0.4767168112161851
Tmsb4x,0.3251421747668235
Tmtc1,0.012374356369235853
Tmtc2,0.038194489667425446
Tmtc3,-0.20252018020759674
Tmtc4,-0.30661238957842496
Tmub1,0.2663817012202183
Tmx1,-0.4228901922937296
Tmx3,-0.4876637892741793
Tmx4,-0.3024834392027499
Tnc,-21.914105068488233
Tnfaip2,-0.5166921587935993
Tnfaip6,-0.38979513346861716
Tnfaip8,-0.3006363256154031
Tnfaip8l1,0.2571754984525337
Tnfaip8l3,-0.3778717562
Tnfrsf11b,-0.867173313453167
Tnfrsf12a,0.33070758580811505
Tnfrsf14,-0.6607702173270678
Tnfrsf19,-0.24904773185815213
Tnfrsf21,-0.3449918699908411
Tnfrsf23,-0.7073317028986379
Tnfrsf25,-0.2401466706166667
Tnfsfm13,0.38859240183499366
Tnik,0.3222521413659017
Tnip1,-0.014124460255328694
Tnip2,0.3744527647583571
Tnk2,-0.3133190353586222
Tnks,0.0307986343274933
Tnks1bp1,0.3141704581746379
Tnks2,-0.22143843655061146
Tnni1,0.4611199679445684
Tnnt1,-2.898281946069244
Tnpo1,-0.19250316257735461
Tnpo3,-0.2209960373617132
Tnr,0.0483141583890495
Tnrc6b,0.2412946444499569
Tns1,0.3183591801200487
Tnxb,5.539179782560563
Tob1,-0.2670102401608213
Tob2,0.131122574720043
Togaram1,-0.12622617740191455
Tom1,-0.291250928
Tomm22,0.30936154516731346
Tomm40l,0.2154099008184358
Tomm5,0.4983155043305541
Tomm6,0.5015799574007335
Tomm7,0.9964635944946462
Tomm70a,-0.005975499631532506
Top1,-0.2434827116402607
Top1mt,0.30806121264572794
Top2a,7.203223946160405
Top2b,-0.23957609172454986
Topbp1,-0.2814132841784984
Tor1aip1,-0.2931424047049995
Tox2,-0.2021310211872525
Tox3,-0.4636167625018256
Tox4,-0.2405657002087151
Tpcn1,-0.21428529713769473
Tpd52,-0.3258234569099971
Tpgs1,0.3644616075198983
Tpgs2,-0.2208138283267604
Tpi1,0.22359263109912642
Tpm3,-0.5244148451643262
Tpm4,-0.047637247007602766
Tpmt,0.6537749595757335
Tpp1,-0.2917784401443833
Tpp2,-0.11427208105929253
Tppp,0.22972458352257888
Tppp3,0.5266624402634613
Tprg1l,1.9193584729793054
Tprkb,-0.09726689928897407
Tpst2,0.29207084778791076
Tra2a,-0.3826775847721805
Tra2b,-0.4516130001431799
Traf3,-0.042310462865596546
Traf3ip1,0.4330182543401177
Traf3ip2,0.6019522320831775
Traf6,-0.283191122693795
Traf7,0.250323201975
Trafd1,0.3181550403684541
Trak1,-0.2525073032476004
Trak2,-0.05319711948926261
Tram1,-0.19691127442267442
Trank1,0.3054432669064965
Trappc10,0.2029194333522348
Trappc13,-0.27904183751612655
Trappc2,-0.30611120277129356
Trappc2l,0.34473010822904593
Trappc3,0.43056933400446534
Trappc5,0.2923121968365525
Trappc6a,0.5760356651654531
Trappc8,-0.229022768231705
Trhde,-0.13571485357414625
Trhr,-0.4496707076747791
Triap1,0.34695649245628046
Trib2,-0.33011189053885326
Tril,-0.19560920466551202
Trim11,0.2051125784531745
Trim12c,-0.4229923371332968
Trim13,-0.3501663275156625
Trim15,1.3018122856384742
Trim2,-0.2764461534187068
Trim23,-0.060578393561096046
Trim25,-0.3926360475763053
Trim28,-0.25170995311635047
Trim3,0.4789506083104211
Trim30a,0.008551739554161775
Trim30d,0.4870577868728928
Trim33,0.10559505704980703
Trim34a,-0.29177770252638163
Trim36,-0.16509889802069047
Trim37,-0.3032360861563905
Trim39,0.2429122413748463
Trim41,0.33108420726496257
Trim44,-0.2357099095253029
Trim54,-3.231784186230766
Trim59,-0.3747044300342444
Trim62,-0.2773854768628653
Trim66,0.3627413542893437
Trim72,0.8927411696917913
Trim8,0.591802502885215
Trim9,-0.23111241081057113
Trio,0.2074621402807122
Trip11,0.256065647235599
Trip12,0.2226260203527849
Trip4,-0.2167090766045256
Trip6,-0.3410271011294171
Triqk,-0.5206376457235272
Trir,0.5296353451351925
Trit1,0.25763488994834477
Trmt10a,-0.2949386282066072
Trmt11,0.3421879899698531
Trmt112,0.3564187159073397
Trmt13,-0.014748489356551958
Trmt1l,-0.3421384110932075
Trmt6,0.407884017775
Trmt61a,0.2256712729037396
Trmt61b,0.3477702810285218
Trmt9b,0.3846718434603559
Trmu,0.2495502677283668
Trnau1ap,0.3801566371487762
Trnt1,-0.42542007709039176
Tro,-0.2175877907391738
Trp53bp1,0.2542873321
Trp53bp2,0.3075295695997597
Trp53inp1,-0.030016140500514363
Trp53rkb,0.46920913753941035
Trp63,-0.5529069756208135
Trpc1,-0.3415574626767019
Trpc3,10.730186112621627
Trpc5,-0.021325267569629824
Trpc6,-0.4710266868538538
Trpm4,0.2069505557223584
Tsc2,-0.2193179081791226
Tsc22d1,0.4281488732140288
Tsc22d2,-0.23054729642546526
Tsc22d3,0.43966127799157806
Tsen34,-0.2002180474
Tsfm,0.28307240071891
Tsga10,0.09745624146864029
Tshz1,-0.3001239630671353
Tshz2,-0.037058795617753215
Tsn,0.2253451186018757
Tspan12,-0.3622931313768145
Tspan13,-0.4103909667961786
Tspan14,-0.2131924265559202
Tspan17,0.08467856296627942
Tspan2,-0.294308024104807
Tspan4,0.238593794103269
Tspan6,-0.2931843191329908
Tspan7,-0.2701445225179386
Tspoap1,0.3214774070365616
Tspyl2,0.30504290030690323
Tspyl5,-0.2226564722228919
Tsr3,0.45508412909078705
Tssc4,0.25364053076508974
Ttbk1,0.00448827138693116
Ttbk2,-0.07703209736262573
Ttc12,0.2323683822015373
Ttc14,-0.38833732617579764
Ttc17,-0.2129269318863821
Ttc19,-0.2161996320656018
Ttc25,0.3655824574872574
Ttc28,0.2211611742972259
Ttc3,-0.2813771581921304
Ttc33,0.2108749262186771
Ttc37,-0.2041096137535158
Ttc38,0.3395485943644576
Ttc39b,-0.09966271420640621
Ttc39c,-0.2016348261112902
Ttc9b,0.2887073858009457
Ttc9c,-0.24705344344754276
Ttll11,-0.2034184652950292
Ttll12,-0.2315947492229421
Ttll3,0.27528043662576307
Ttll4,-0.2163652877440772
Ttll7,-0.14317705977967865
Ttpa,-0.38515106847217007
Ttr,4.796400945610501
Ttyh2,-0.2232770729587083
Ttyh3,-0.472158490495205
Tuba1a,-0.26651681901943775
Tuba1b,-0.3229628671039961
Tuba1c,-1.0034208323346971
Tuba8,-1.922587039026869
Tubb2a,0.2353908060192346
Tubb2a-ps2,-1.2104867048383643
Tubb2b,-0.037076650682274274
Tubb3,-0.03339694283006364
Tubb6,-0.4009419838342594
Tubd1,-0.5885233952224693
Tubg2,0.3284972187837974
Tubgcp4,-0.24756071946348285
Tubgcp5,0.0007258933602543038
Tubgcp6,0.2081822652030563
Tug1,-0.04622490176447787
Tulp2,1.0494052577587605
Tulp4,-0.001225412841505652
Tunar,-0.3000033778616341
Tusc1,5.640673494147318
Tut1,0.2471119968724399
Tvp23b,-0.2734999341818575
Twf1,-0.229971645230374
Twf2,-1.053518476000474
Twist1,0.722295488555679
Twist2,0.5146436803690579
Twistnb,-0.2036392518251003
Twsg1,-0.36095799481612917
Txlng,-0.3253999602448275
Txn1,0.4686471468851906
Txndc12,0.41076409405
Txndc17,0.2839964441353594
Txnip,0.2647224767667954
Txnl1,-0.3744882291357507
Txnl4a,-0.2117656500099472
Txnl4b,0.244412641709428
Txnrd2,0.4544549254146152
Tyk2,0.25535639186476855
Tyrobp,0.5813568977447935
Tysnd1,4.481325345420069
Tyw5,0.05260278997079826
U2af1,0.2946875085731943
U2af1l4,0.41543512758475887
U2af2,0.2521677533279968
U2surp,-0.24577735795772895
Uaca,3.682247056617264
Uap1l1,0.3523400082201492
Uba52,0.37430629578455427
Uba6,-0.2687924531676426
Uba7,0.5574036482
Ubac1,0.40179239555
Ubald1,0.12291291451319458
Ubald2,0.42184830496134196
Ubap1l,-0.46652868521497975
Ubap2,0.09200835658269128
Ubap2l,-0.2301028606340197
Ubash3b,-0.12922372338126728
Ubb,0.2635332703476004
Ubb-ps,0.11570066037704661
Ube2a,-0.3382112216062965
Ube2b,-0.23440162257387107
Ube2d1,-0.2015746504885175
Ube2d2a,-0.4082931239797483
Ube2d3,-0.38237050318809507
Ube2e2,0.2366522673009331
Ube2e3,-0.005794710224528037
Ube2g1,-0.2109484051072845
Ube2g2,0.23758607222807934
Ube2j1,0.20049483007495986
Ube2l3,-0.2287024262707322
Ube2l6,0.12601552007248953
Ube2m,0.2874430043635518
Ube2n,0.0774106530300966
Ube2q2,-0.11820451771987378
Ube2ql1,-0.29395956562383335
Ube2r2,1.7980943045661526
Ube2s,0.297915315368885
Ube2v1,-0.032974832866556544
Ube2v2,-0.5086794989416941
Ube2w,-0.10481966474752813
Ube3a,-0.3264348010205303
Ube3b,-0.30916474063345917
Ube3c,-0.2658689086755342
Ube4a,-0.09099864317295962
Ubiad1,-0.2435991051516033
Ubl5,0.5714119893566789
Ubl7,-0.0063574405912352056
Ubn2,-0.2795413012320958
Ubqln1,1.0876337411172523
Ubqln2,-0.2090394766051489
Ubqln4,-0.0012653360453398488
Ubr1,0.3076435796393588
Ubr3,-0.0054540501218403314
Ubr4,0.209581398224702
Ubr5,0.3094948340036915
Ubr7,-0.2068361483905357
Ubtd2,0.1711340238140526
Ubxn1,0.37930162056848654
Ubxn11,0.3000063839679258
Ubxn2a,0.0010320488994922383
Ubxn2b,-0.2469862587273322
Ubxn6,0.08722328619349429
Ubxn7,-0.3397226402671124
Ubxn8,0.0360514856078607
Uchl1,0.2482349622012148
Uchl1os,1.8425164488264207
Uchl3,0.2309495969699353
Uchl5,-0.2177477893894787
Uck1,0.33325084425
Uck2,0.2195771790742759
Ucma,0.8289393390862936
Ucp2,0.39389621022151655
Ucp3,0.11665971467807669
Uevld,-0.217370653040679
Ufc1,0.2763242936202679
Ufsp1,0.232646138988945
Ugcg,-0.212239359441318
Uggt1,-0.2419573832176474
Ugp2,-0.347845264302185
Ugt8a,-0.43888883763580366
Uhmk1,-0.14953747477826956
Uhrf1bp1,0.2164531444493027
Uhrf1bp1l,-0.007971748685993124
Uhrf2,-0.23810782185
Ulk1,-0.3087649316453812
Ulk2,-0.18637589252442816
Ulk3,0.23946124260333665
Umad1,-0.4267712695888481
Unc13c,0.5766152937220225
Unc50,0.012879548744563707
Unc5a,-0.28981616496970763
Unc5b,-0.14289409054615954
Unc5c,0.2194670336529136
Unc5d,0.2651026962612435
Unc79,-0.014604631160800602
Unc80,0.14095027966892
Unc93b1,0.2352958047921515
Uncx,4.5454935969389325
Ung,0.5710275678494645
Upf2,-0.3689727650000785
Upf3a,0.4367096586837648
Upf3b,0.2502204371489125
Upp1,-0.559188952454647
Uprt,-0.3769716035525383
Uqcc2,0.43691505353067794
Uqcc3,0.5545698319724672
Uqcr10,0.35480321609620774
Uqcr11,0.5953404411214878
Uqcrb,0.9422891027296147
Uqcrh,0.26579346607422216
Uqcrq,0.4229475371498642
Urb2,0.01846651086942641
Uri1,1.9879745333031593
Urm1,0.30798972721723694
Use1,0.14710925211475084
Usf1,0.36836185675273114
Usf2,0.2363750602534321
Uso1,-0.29390998388352874
Usp1,-0.2515247469152452
Usp10,0.2981633318
Usp14,-0.4346282308184562
Usp15,-0.22471503945651583
Usp18,0.9147196746
Usp2,0.24509060206996708
Usp22,-0.2797315444924779
Usp25,-0.31971497692527534
Usp28,-0.2722972509278274
Usp29,0.02468466998765731
Usp31,-0.26592382496402023
Usp32,-0.12239104823728923
Usp33,-0.27232538510858
Usp37,-0.28229338847256014
Usp38,-0.3221635727221215
Usp4,0.29896061127499995
Usp45,-0.2723268018456452
Usp46,-0.34905685976024914
Usp47,-0.2351594870166932
Usp5,0.2457933646970822
Usp53,-0.12279333218860566
Usp54,0.29303158594268086
Usp8,-0.24617701991879182
Usp9x,0.029667686990683673
Uspl1,0.0062877156665863965
Utp15,0.3369388873
Utp3,0.275145256003937
Utp4,-0.2004916282458467
Utrn,-0.03769958823760175
Uty,-0.2625352238453975
Uxs1,0.24476481685556997
Uxt,0.6855223225101303
Vamp1,0.2041100387765126
Vamp3,-0.10950652722537624
Vamp5,0.7117376328214594
Vamp7,-0.27736744771471056
Vapa,0.3482386211847451
Vasn,0.3996324446872044
Vat1,-0.2525388902356243
Vbp1,-0.6986013352062149
Vcpip1,-0.17617651017900987
Vdac1,0.260372715992907
Vegfa,-0.21289853200700284
Vegfb,0.3015305816706166
Vezf1,-0.2032022339440684
Vgll3,-0.6256290102061602
Vgll4,-0.27234197387881
Vhl,0.6066620198
Vim,-0.431086208854707
Vipr1,0.253192914723347
Vipr2,-11.087898875952906
Virma,-0.2694011932690145
Vkorc1,0.4840929750478739
Vkorc1l1,-0.2105020007667427
Vldlr,-0.28885932119502716
Vma21,-0.5005955369785839
Vmac,-0.2117492726334391
Vmn2r57,-0.6858517534431801
Vps13a,-0.3906602431328687
Vps13b,0.3010640019034815
Vps13c,0.2880706757546444
Vps13d,0.2417590330100496
Vps16,0.2068526414184049
Vps25,0.1303915979578711
Vps26a,0.5760024895680684
Vps26b,0.696117836025
Vps28,0.2546972008136984
Vps29,0.4863991932
Vps33a,0.2085266487286933
Vps35,-0.26011000302021153
Vps37a,-0.3001620880781633
Vps37b,-0.4057509377107159
Vps37d,0.49194502505462934
Vps41,-0.24008092900813582
Vps50,-0.2252916686769646
Vps54,-0.16109244366639036
Vps72,-0.4825382979357801
Vsig8,1.2391981126729397
Vsir,10.23403402781123
Vsnl1,-0.2115518229567641
Vstm2a,-0.24037867666883211
Vstm2b,0.4443408599505215
Vstm4,4.770356013143237
Vta1,-0.215951506765838
Vti1b,0.2663866125527395
Vtn,-0.2954724207583976
Vwa1,-0.2691228736396635
Vwa3b,-11.035354094855574
Vwa5a,-0.248305501750707
Vwa8,0.2317214204319501
Vwc2l,-0.3271802095012575
Vwf,0.7487221067386475
Wac,-0.2661440487539496
Wapl,-0.2961675061318644
Wars2,0.2972776464160945
Wasf1,-0.3400700503706317
Wasf3,-0.2040436007180217
Washc1,0.216919109991006
Washc4,-0.2160474523222724
Washc5,-0.2260266398358581
Wasl,-0.32590650458015114
Wbp2,0.2098500575137334
Wbp4,0.39957452455
Wdcp,-0.3791046066808883
Wdfy1,-0.3142609603845846
Wdfy2,-0.2670098090581908
Wdfy3,0.11596598500506576
Wdhd1,3.634272951552032
Wdr13,-0.2286485512
Wdr20,0.2120933968596663
Wdr26,-0.23919149131452486
Wdr27,0.5513362203559466
Wdr3,0.2786016693
Wdr36,-0.23326492929024578
Wdr37,-0.2836497180990327
Wdr44,-0.4239117432641619
Wdr45b,0.09038410074999999
Wdr46,0.33989700330765793
Wdr47,0.2533331956
Wdr53,0.2559962371312283
Wdr54,0.2697410734965367
Wdr55,0.36611869911279976
Wdr6,0.1731421489501052
Wdr63,-1.1915914352593515
Wdr7,-0.08876264208972716
Wdr74,0.3067717996519574
Wdr75,-0.2384696195144598
Wdr76,10.4673963227083
Wdr77,-0.07359509273529653
Wdr78,-0.4914385963469443
Wdr82,-0.309103797180234
Wdr83,0.3922729057225793
Wdr83os,0.2177303647772892
Wdr90,0.2673465828164922
Wdr95,-0.9948838725753172
Wdtc1,-0.2589909162196006
Wee1,0.025655296912438952
Wfs1,-0.005767891072668008
Whamm,0.20867394602564
Whrn,-0.16757231339977496
Wipf1,-0.23216593072741146
Wipf3,0.17283189599351087
Wiz,-0.06731158948596629
Wnk1,-0.24898246554570427
Wnk2,0.1770309595652132
Wnk3,-0.005651257592203807
Wnt2b,-0.3051145814997864
Wnt3,0.5823644257407861
Wnt4,2.086698213077051
Wnt7a,-0.5861534240155631
Wnt7b,-0.3724035346982973
Wnt8b,-1.282420730086916
Wnt9a,0.889173271416133
Wrn,-0.2530193878546995
Wsb1,-0.360845888576924
Wsb2,1.020851649194823
Wscd2,0.3186410353431896
Wtip,0.2482858566
Wwc1,-0.2125043617288476
Wwc2,0.0012319243006816
Wwox,0.260187300170903
Wwp1,-0.22471054131034163
Wwp2,0.2071930561684594
Wwtr1,-0.35039415515409067
Xbp1,-0.4834808489248815
Xdh,0.7290676352468003
Xiap,-0.35396970921280735
Xk,-0.25501394815879275
Xkr4,0.5157569336374438
Xkr8,4.950246542965353
Xndc1,0.2204526478214067
Xntrpc,-0.361768534653157
Xpc,0.2932990756019649
Xpnpep1,-0.3234448508
Xpo1,-0.4489230063773874
Xpo4,-0.4185925795962245
Xpo6,-0.2345321507470412
Xpo7,-0.2654234605707337
Xpr1,-0.19111467280706917
Xrcc1,0.2707521412260673
Xrcc2,-0.2644913559905216
Xrcc5,-0.2046975502243651
Xrcc6,0.22472395354564056
Xrn1,-0.2733042552419265
Xrra1,-6.8263526756953645
Xxylt1,-2.5207536933246937
Xylt1,0.032560559376510256
Yaf2,-0.3476002598239009
Ybx1,-0.5259205844988758
Ybx2,0.5685898602229998
Ybx3,-0.200208282
Ydjc,0.2973217769817874
Yeats4,0.2597635608984261
Yes1,0.003101921740389646
Yipf1,0.2101465498
Yipf2,0.2543385559876139
Yipf5,-0.22811900662820678
Yipf6,0.0179168122577813
Yju2,0.2735399371762189
Ylpm1,0.4005854526445201
Yme1l1,-0.274098292973449
Yod1,-0.5800216247618922
Ypel2,-0.30698578064051973
Ypel3,0.46881179038666165
Ypel4,-0.38575122765
Ypel5,-0.2078562260059942
Yrdc,0.23745059042220695
Ythdc2,-0.3056891664368368
Ythdf2,-0.23867011774220415
Ythdf3,-0.20694337941628588
Ywhab,-0.2590480751863137
Ywhae,0.6124889227
Ywhaq,-0.2610855376703198
Yy1,-0.2974727088239822
Zan,0.6788911114673044
Zap70,0.546930426221079
Zbed4,0.24337602995000002
Zbed5,0.0027774894518750037
Zbed6,1.3528095637651913
Zbp1,-1.1789291043875398
Zbtb1,-0.2171861495835489
Zbtb10,0.2687007413733846
Zbtb11,-0.26057929831641413
Zbtb14,0.40452882065
Zbtb16,0.575160418772313
Zbtb18,-0.23992423087354406
Zbtb22,0.2094106485454748
Zbtb26,-0.5693890301456389
Zbtb33,-0.35041205685483423
Zbtb38,0.010147950752396245
Zbtb39,0.21677183898429
Zbtb4,0.2294947956875842
Zbtb40,-0.540517756890812
Zbtb41,-0.27534793700896676
Zbtb44,-0.41995889956681137
Zbtb45,-0.22104174827272083
Zbtb46,-0.3305311547047921
Zbtb48,-0.213577443490787
Zbtb6,-0.1935838361741206
Zbtb7a,-0.2483864690496949
Zbtb7b,-0.4371480766390259
Zbtb7c,0.08912491558233793
Zbtb8a,0.3061441176888784
Zbtb8os,0.2252163354374102
Zc2hc1a,-0.36121295391219377
Zc3h11a,-0.22075819438195524
Zc3h12b,0.03204044544386504
Zc3h12c,0.12326730062413079
Zc3h13,-0.18206346133739415
Zc3h14,-0.2724753358556352
Zc3h15,-0.2061166593
Zc3h18,0.2331864976962872
Zc3h4,-0.0279350465510924
Zc3h7a,0.31927087074277194
Zc3h7b,-0.3202467703462621
Zc3hav1,-0.4619071862644024
Zc3hav1l,-0.3480641955170449
Zc4h2,-0.28274214993810376
Zcchc10,0.3796730001477501
Zcchc14,-0.286494729277985
Zcchc3,0.2710204301315086
Zcchc7,0.04284029816966145
Zcrb1,0.1433394107336324
Zcwpw2,0.6249211512591369
Zdbf2,-0.3030636176003294
Zdhhc13,-0.2596846171536099
Zdhhc14,-0.3103595517479675
Zdhhc15,-0.33460153824559213
Zdhhc17,-0.2159412974292354
Zdhhc2,-0.4215585324016918
Zdhhc20,-0.2973216511451333
Zdhhc21,-0.3066218593505687
Zdhhc22,-0.2384463337976852
Zdhhc5,-0.2278612105004732
Zeb1,-0.2572231363336514
Zeb2,-0.25233740383377434
Zeb2os,0.555728666840743
Zfand1,0.055673674319206265
Zfand2a,0.2180321218914269
Zfand2b,-0.2055480129441242
Zfand4,0.3418465869336242
Zfand5,0.4840146756056529
Zfand6,0.1563133488367738
Zfas1,0.38464295948342664
Zfhx2,0.2314330270775359
Zfhx3,-0.19496680188482052
Zfhx4,0.3408994235960966
Zfp1,0.23770493503119444
Zfp101,0.6200565515458255
Zfp105,0.4329928559115918
Zfp106,-0.2304393943216694
Zfp108,0.39034036660124694
Zfp109,-0.006853854627701689
Zfp11,-0.2659925294806893
Zfp112,0.2952733194708145
Zfp119a,-0.6151565668372478
Zfp119b,-0.2512731851372564
Zfp120,-0.37248014332662116
Zfp125,-0.4460484195702526
Zfp13,0.10331322003131183
Zfp141,-0.2877106933173184
Zfp146,-0.2173984711938657
Zfp148,-0.2797022983009474
Zfp160,0.000677679316220009
Zfp169,0.005135372366020907
Zfp174,-12.039451927158938
Zfp180,-0.2866010625245549
Zfp182,-0.06141406912901957
Zfp189,0.6961723006872538
Zfp2,-0.029088955447108673
Zfp207,-0.26209411671317767
Zfp212,-2.397910788702772
Zfp229,0.3990041958748843
Zfp235,0.22652048440419956
Zfp236,-0.2007651005595107
Zfp24,-0.2426590964377911
Zfp248,-0.26057569901492816
Zfp251,0.3140572686628842
Zfp26,-0.3359516387797573
Zfp260,-0.3152435690489013
Zfp263,0.24537426156559283
Zfp266,-0.2528871906912349
Zfp267,0.2034843925263118
Zfp276,0.2178377234011436
Zfp277,-0.2262687954742192
Zfp28,0.254749940127963
Zfp280c,-0.4467433685941234
Zfp280d,-0.17205539002022655
Zfp286os,2.381846203729851
Zfp292,0.2444654142620469
Zfp3,0.2722949196055733
Zfp30,0.2403205666943661
Zfp300,-0.4117244320565791
Zfp319,-0.2455029268521984
Zfp322a,0.13130996060775507
Zfp326,-0.21121752873913457
Zfp335os,0.6955996794225245
Zfp33b,-0.2619544927332382
Zfp346,0.369974896125
Zfp354c,-0.2093525790833429
Zfp358,-0.35252183805890036
Zfp365,-0.3478163205766737
Zfp367,-0.15981492241060144
Zfp36l1,0.0168083948194252
Zfp36l2,-0.3687926425952104
Zfp37,-0.2623457334274012
Zfp382,0.13603978207401432
Zfp385c,4.885976749177439
Zfp386,-0.2925809866740911
Zfp397,-0.3295273032057544
Zfp40,-0.4915300213094766
Zfp408,0.2211309342874925
Zfp41,12.410943896393036
Zfp418,0.3987372975066909
Zfp420,-0.13853739145649796
Zfp422,0.3085267809681016
Zfp423,-0.3228267233386032
Zfp426,-0.25064147792212954
Zfp428,0.3262573556804399
Zfp442,-0.255993702301731
Zfp445,0.2173398773830211
Zfp449,-0.3223108193848721
Zfp451,-0.2967456437238764
Zfp455,-0.5204010668252882
Zfp456,-0.7501318035378555
Zfp458,-0.4132556214469424
Zfp46,0.48384516944228717
Zfp462,0.2219167539987603
Zfp467,-0.3407428540840176
Zfp469,0.07640414701646187
Zfp493,-0.3429381036865564
Zfp511,0.2239964720221129
Zfp513,0.34800264850890467
Zfp516,0.7157295547860385
Zfp518a,-0.41675087242623077
Zfp518b,0.2434797249906613
Zfp52,2.8228837863579983
Zfp521,-0.43459030852568503
Zfp526,0.2823671242429533
Zfp536,0.2688639429241173
Zfp54,-0.5877144663640499
Zfp551,-0.2878254316203533
Zfp553,0.2858355707528692
Zfp560,-0.2506093169698404
Zfp563,-0.3349709951985561
Zfp574,0.2033426042059112
Zfp575,0.3291071715207116
Zfp579,0.3477314157267699
Zfp580,0.3504870758652006
Zfp595,-0.5379679964257515
Zfp597,-0.08603740236608896
Zfp60,-0.31994627422853306
Zfp606,-0.4716642553379038
Zfp607b,-0.2874469116932039
Zfp608,-0.3882018551556243
Zfp609,0.22123618492201064
Zfp61,0.48804315670898724
Zfp617,-0.2024966210995631
Zfp62,-0.3168293213177687
Zfp623,0.3989559176701245
Zfp626,-0.29314418546384247
Zfp637,-0.2129588898709209
Zfp638,-0.3563339798487041
Zfp64,0.3881180709667675
Zfp644,-0.3011214752491647
Zfp65,-0.3098105522216281
Zfp652os,0.6388427299694295
Zfp654,-0.2740319887714427
Zfp655,-0.3169924201397851
Zfp668,1.560130284305651
Zfp677,-0.3476061787911578
Zfp68,-0.25018523900948136
Zfp688,0.49864127426599225
Zfp691,-0.5774891963227764
Zfp692,0.3012789009901527
Zfp697,0.2764754833597624
Zfp7,0.3322807612117603
Zfp703,-0.11022826335421887
Zfp706,-0.2790690565175442
Zfp707,0.29097471465624175
Zfp708,-0.2888353350046281
Zfp711,0.0196691162546051
Zfp719,-0.22397905966189713
Zfp72,-0.5000141736345559
Zfp729a,-0.031036535852572836
Zfp729b,-0.4146869052060829
Zfp738,-0.4256020885584398
Zfp74,-0.2900099812831794
Zfp740,0.2110177472769485
Zfp748,-0.15428158476917006
Zfp758,-0.13248391878342683
Zfp760,-0.432102164316459
Zfp763,-1.032565516910797
Zfp768,0.2605969768540976
Zfp770,-0.290787527460351
Zfp771,2.3693159812771016
Zfp772,-0.276788367537378
Zfp780b,-0.3137599134788323
Zfp781,-0.5502000609189948
Zfp787,0.4298199798041983
Zfp800,-0.07081701955956801
Zfp804a,-0.3037222961256508
Zfp808,-0.5190809072617815
Zfp81,-0.2278318486782979
Zfp811,-0.06593905074220784
Zfp825,-0.6919222964185897
Zfp827,-0.2838998518445874
Zfp84,-0.2109595940063575
Zfp850,-0.3975645822838716
Zfp865,0.2888266639992392
Zfp867,-0.2536410759438376
Zfp868,-0.23391348960769387
Zfp873,-0.1934280812017275
Zfp874a,-0.43813279276560535
Zfp874b,-0.09860604710104857
Zfp882,-0.0814773055054191
Zfp90,0.2010443327255154
Zfp91,-0.30697023299920295
Zfp93,0.2436549716144571
Zfp930,-0.09143433551794343
Zfp931,-0.24703292444863498
Zfp932,-0.7267194207025334
Zfp933,-0.3246591790117228
Zfp934,-0.21570051079818045
Zfp938,-0.009763867670309345
Zfp94,0.37124382557236624
Zfp942,-0.6046561427554824
Zfp943,-0.19251849119813524
Zfp944,-0.09157095321226365
Zfp945,-0.2816330421749042
Zfp946,-0.2760716961844035
Zfp948,-0.31917661613118953
Zfp950,-0.5032718942409345
Zfp952,-0.06376873502926057
Zfp953,-0.5255532090576153
Zfp954,0.2380200554129276
Zfp955b,-0.2218478332614959
Zfp958,-0.3874614762755498
Zfp961,-0.06729246546016276
Zfp964,0.3232136164783722
Zfp97,-0.129793714220745
Zfp970,-0.27778469213557117
Zfp971,-0.2876320996401278
Zfp973,-0.6616107676208508
Zfp974,-0.5465316386725333
Zfp976,-0.5243272873598416
Zfp979,-0.9251818142751708
Zfp983,-0.23204356235926094
Zfp994,-0.11314370913502779
Zfpm1,-0.06657052406846134
Zfpm2,-0.5147512118683215
Zfr,-0.2769696294699886
Zfr2,-0.4027416146503872
Zfx,-0.32610117528434146
Zfyve16,-0.311742668643157
Zfyve19,0.22077233729138435
Zfyve21,0.2569582652101726
Zfyve9,1.087397502196747
Zgpat,0.2653525388642447
Zhx1,0.04830808205008005
Zhx2,-0.3058242745382304
Zhx3,0.2380783667594725
Zik1,-0.3212368224428999
Zim3,-0.5175260007284057
Zkscan1,-0.06451721551237444
Zkscan14,0.3685135381313493
Zkscan16,0.4334280459060824
Zkscan3,-0.272460932653725
Zkscan6,-0.5672296222756461
Zkscan8,-0.2612877242109125
Zmat2,0.4019228425581258
Zmat5,0.18311845715006067
Zmiz1,-0.08930605582099806
Zmiz1os1,0.4148571183300866
Zmiz2,-0.03701557681192541
Zmpste24,-0.25235498680951113
Zmym1,-0.7135871243875513
Zmym2,-0.3064576154516352
Zmym4,-0.025982988367179743
Zmym5,-0.3632458716011904
Zmynd10,0.2937059951057237
Zmynd19,0.2168451392244253
Zmynd8,-0.21252363955
Znf41-ps,-0.6510987243848253
Znfx1,-0.024535235136028385
Znhit1,0.29490678392713043
Znhit2,0.30497629361700235
Znhit6,0.2787231592261862
Znrd1,0.13207138471293517
Znrd2,0.30450251208017204
Znrf2,-0.3720197211345506
Znrf3,-0.2877870330346035
Zranb2,-0.4936472500153291
Zrsr2,0.2958581717532251
Zscan2,0.29997337531766516
Zscan21,0.3051393632181859
Zscan22,-0.26307979013354277
Zscan25,0.2196637283123827
Zscan26,-0.2582783210260547
Zscan29,-0.023433147071716454
Zscan30,-0.2349770374233951
Zswim5,0.2619761435819659
Zswim6,-0.3100038983745339
Zswim7,-0.3145630206208092
Zswim8,-0.4659811717426289
Zswim9,0.13887509091637235
Zw10,-0.2893164016937964
Zxda,0.21715133021352603
Zxdb,-0.8274302418190276
Zxdc,-0.008793773682671993
Zyg11b,-0.06264717215269647
Zyx,-0.2096973900000564
Zzef1,0.2294163095970925
Zzz3,0.8618202264935457
